#Lambda	Bandwidth	AOI	Delta	Psi	Zone	Amin	Pmin	Afix	Pfix	ROIidx	X_pos	Y_pos	Theta_pos
#nm	nm	deg	deg	deg	-	deg	deg	deg	deg	-	mm	mm	deg
658.0	2.0	52.000	177.394	30.104	4	30.099	46.303	30.000	46.303	000	-18.183	-30.305	0.000
658.0	2.0	52.000	177.523	29.940	2	-29.945	-43.760	-30.109	-43.760	000	-18.183	-30.305	0.000
658.0	2.0	52.000	176.810	29.944	1	-29.938	-46.594	-30.099	-46.594	000	-18.183	-30.305	0.000
658.0	2.0	52.000	177.355	30.135	3	30.140	43.678	30.109	43.678	000	-18.183	-30.305	0.000
658.0	2.0	56.000	176.781	26.977	4	26.970	46.592	30.000	46.593	000	-18.183	-30.305	0.000
658.0	2.0	56.000	176.789	26.814	2	-26.821	-43.394	-26.983	-43.393	000	-18.183	-30.305	0.000
658.0	2.0	56.000	176.026	26.815	1	-26.807	-46.986	-26.970	-46.986	000	-18.183	-30.305	0.000
658.0	2.0	56.000	176.543	27.002	3	27.009	43.272	26.983	43.272	000	-18.183	-30.305	0.000
658.0	2.0	60.000	175.917	23.256	4	23.249	47.001	30.000	47.001	000	-18.183	-30.305	0.000
658.0	2.0	60.000	175.777	23.124	2	-23.131	-42.887	-23.263	-42.888	000	-18.183	-30.305	0.000
658.0	2.0	60.000	174.928	23.118	1	-23.110	-47.535	-23.248	-47.535	000	-18.183	-30.305	0.000
658.0	2.0	60.000	175.436	23.306	3	23.314	42.719	23.263	42.718	000	-18.183	-30.305	0.000
658.0	2.0	64.000	174.520	18.779	4	18.771	47.665	30.000	47.665	000	-18.183	-30.305	0.000
658.0	2.0	64.000	174.139	18.716	2	-18.724	-42.069	-18.787	-42.069	000	-18.183	-30.305	0.000
658.0	2.0	64.000	173.228	18.707	1	-18.697	-48.386	-18.771	-48.386	000	-18.183	-30.305	0.000
658.0	2.0	64.000	173.729	18.902	3	18.911	41.865	18.787	41.865	000	-18.183	-30.305	0.000
658.0	2.0	68.000	171.893	13.074	4	13.065	48.912	30.000	48.912	000	-18.183	-30.305	0.000
658.0	2.0	68.000	170.958	13.408	2	-13.418	-40.482	-13.082	-40.482	000	-18.183	-30.305	0.000
658.0	2.0	68.000	169.991	13.399	1	-13.388	-50.008	-13.065	-50.008	000	-18.183	-30.305	0.000
658.0	2.0	68.000	170.558	13.575	3	13.586	40.284	13.082	40.284	000	-18.183	-30.305	0.000
658.0	2.0	52.000	177.589	30.092	4	30.087	46.206	30.000	46.206	000	-6.061	-30.305	0.000
658.0	2.0	52.000	177.742	29.921	2	-29.925	-43.870	-30.097	-43.870	000	-6.061	-30.305	0.000
658.0	2.0	52.000	176.990	29.927	1	-29.920	-46.504	-30.087	-46.504	000	-6.061	-30.305	0.000
658.0	2.0	52.000	177.554	30.119	3	30.124	43.777	30.097	43.777	000	-6.061	-30.305	0.000
658.0	2.0	56.000	177.035	26.965	4	26.959	46.465	30.000	46.466	000	-6.061	-30.305	0.000
658.0	2.0	56.000	177.062	26.799	2	-26.805	-43.530	-26.971	-43.530	000	-6.061	-30.305	0.000
658.0	2.0	56.000	176.270	26.797	1	-26.790	-46.864	-26.959	-46.864	000	-6.061	-30.305	0.000
658.0	2.0	56.000	176.806	26.988	3	26.994	43.403	26.971	43.403	000	-6.061	-30.305	0.000
658.0	2.0	60.000	176.234	23.234	4	23.228	46.842	30.000	46.842	000	-6.061	-30.305	0.000
658.0	2.0	60.000	176.124	23.105	2	-23.112	-43.061	-23.241	-43.061	000	-6.061	-30.305	0.000
658.0	2.0	60.000	175.237	23.104	1	-23.096	-47.381	-23.227	-47.381	000	-6.061	-30.305	0.000
658.0	2.0	60.000	175.774	23.295	3	23.302	42.888	23.240	42.888	000	-6.061	-30.305	0.000
658.0	2.0	64.000	174.966	18.750	4	18.743	47.441	30.000	47.441	000	-6.061	-30.305	0.000
658.0	2.0	64.000	174.607	18.697	2	-18.705	-42.303	-18.757	-42.303	000	-6.061	-30.305	0.000
658.0	2.0	64.000	173.659	18.691	1	-18.682	-48.170	-18.742	-48.170	000	-6.061	-30.305	0.000
658.0	2.0	64.000	174.176	18.883	3	18.892	42.089	18.757	42.089	000	-6.061	-30.305	0.000
658.0	2.0	68.000	172.528	13.115	4	13.107	48.595	30.000	48.596	000	-6.061	-30.305	0.000
658.0	2.0	68.000	171.604	13.384	2	-13.393	-40.805	-13.123	-40.805	000	-6.061	-30.305	0.000
658.0	2.0	68.000	170.599	13.379	1	-13.369	-49.703	-13.107	-49.703	000	-6.061	-30.305	0.000
658.0	2.0	68.000	171.185	13.551	3	13.560	40.597	13.123	40.597	000	-6.061	-30.305	0.000
658.0	2.0	52.000	177.578	30.089	4	30.084	46.211	30.000	46.211	000	6.061	-30.305	0.000
658.0	2.0	52.000	177.748	29.923	2	-29.928	-43.873	-30.094	-43.873	000	6.061	-30.305	0.000
658.0	2.0	52.000	176.974	29.936	1	-29.930	-46.512	-30.084	-46.512	000	6.061	-30.305	0.000
658.0	2.0	52.000	177.568	30.114	3	30.119	43.784	30.094	43.784	000	6.061	-30.305	0.000
658.0	2.0	56.000	177.025	26.961	4	26.955	46.470	30.000	46.470	000	6.061	-30.305	0.000
658.0	2.0	56.000	177.062	26.798	2	-26.804	-43.530	-26.966	-43.530	000	6.061	-30.305	0.000
658.0	2.0	56.000	176.254	26.807	1	-26.800	-46.872	-26.955	-46.872	000	6.061	-30.305	0.000
658.0	2.0	56.000	176.796	26.994	3	27.000	43.398	26.966	43.398	000	6.061	-30.305	0.000
658.0	2.0	60.000	176.216	23.243	4	23.237	46.851	30.000	46.851	000	6.061	-30.305	0.000
658.0	2.0	60.000	176.111	23.107	2	-23.114	-43.054	-23.249	-43.055	000	6.061	-30.305	0.000
658.0	2.0	60.000	175.213	23.107	1	-23.099	-47.393	-23.236	-47.393	000	6.061	-30.305	0.000
658.0	2.0	60.000	175.754	23.298	3	23.305	42.877	23.250	42.877	000	6.061	-30.305	0.000
658.0	2.0	64.000	174.926	18.756	4	18.749	47.461	30.000	47.461	000	6.061	-30.305	0.000
658.0	2.0	64.000	174.582	18.702	2	-18.709	-42.290	-18.763	-42.290	000	6.061	-30.305	0.000
658.0	2.0	64.000	173.618	18.699	1	-18.690	-48.191	-18.748	-48.191	000	6.061	-30.305	0.000
658.0	2.0	64.000	174.156	18.885	3	18.894	42.079	18.763	42.079	000	6.061	-30.305	0.000
658.0	2.0	68.000	172.486	13.062	4	13.054	48.615	30.000	48.615	000	6.061	-30.305	0.000
658.0	2.0	68.000	171.600	13.383	2	-13.392	-40.803	-13.069	-40.803	000	6.061	-30.305	0.000
658.0	2.0	68.000	170.553	13.383	1	-13.373	-49.727	-13.054	-49.727	000	6.061	-30.305	0.000
658.0	2.0	68.000	171.170	13.563	3	13.573	40.590	13.069	40.590	000	6.061	-30.305	0.000
658.0	2.0	52.000	177.538	30.099	4	30.094	46.231	30.000	46.231	000	18.189	-30.305	0.000
658.0	2.0	52.000	177.697	29.930	2	-29.934	-43.848	-30.104	-43.848	000	18.183	-30.305	0.000
658.0	2.0	52.000	176.920	29.934	1	-29.928	-46.539	-30.094	-46.539	000	18.183	-30.305	0.000
658.0	2.0	52.000	177.510	30.122	3	30.127	43.755	30.104	43.755	000	18.183	-30.305	0.000
658.0	2.0	56.000	176.969	26.968	4	26.962	46.498	30.000	46.498	000	18.183	-30.305	0.000
658.0	2.0	56.000	177.020	26.799	2	-26.805	-43.509	-26.974	-43.509	000	18.183	-30.305	0.000
658.0	2.0	56.000	176.182	26.807	1	-26.800	-46.908	-26.962	-46.908	000	18.183	-30.305	0.000
658.0	2.0	56.000	176.739	26.995	3	27.002	43.370	26.974	43.370	000	18.183	-30.305	0.000
658.0	2.0	60.000	176.140	23.246	4	23.239	46.889	30.000	46.889	000	18.183	-30.305	0.000
658.0	2.0	60.000	176.058	23.111	2	-23.118	-43.028	-23.252	-43.028	000	18.183	-30.305	0.000
658.0	2.0	60.000	175.130	23.104	1	-23.095	-47.434	-23.239	-47.434	000	18.183	-30.305	0.000
658.0	2.0	60.000	175.676	23.299	3	23.307	42.838	23.252	42.838	000	18.183	-30.305	0.000
658.0	2.0	64.000	174.817	18.759	4	18.752	47.516	30.000	47.515	000	18.183	-30.305	0.000
658.0	2.0	64.000	174.486	18.699	2	-18.707	-42.242	-18.767	-42.242	000	18.183	-30.305	0.000
658.0	2.0	64.000	173.505	18.697	1	-18.688	-48.247	-18.751	-48.247	000	18.183	-30.305	0.000
658.0	2.0	64.000	174.047	18.891	3	18.900	42.024	18.766	42.024	000	18.183	-30.305	0.000
658.0	2.0	68.000	172.316	13.035	4	13.027	48.700	30.000	48.700	000	18.183	-30.305	0.000
658.0	2.0	68.000	171.449	13.394	2	-13.403	-40.728	-13.043	-40.729	000	18.183	-30.305	0.000
658.0	2.0	68.000	170.382	13.390	1	-13.379	-49.813	-13.027	-49.813	000	18.183	-30.305	0.000
658.0	2.0	68.000	171.001	13.572	3	13.581	40.506	13.043	40.506	000	18.183	-30.305	0.000
658.0	2.0	52.000	177.535	30.095	4	30.090	46.233	30.000	46.233	000	-30.305	-18.183	0.000
658.0	2.0	52.000	177.714	29.924	2	-29.929	-43.856	-30.100	-43.856	000	-30.305	-18.183	0.000
658.0	2.0	52.000	176.928	29.930	1	-29.923	-46.535	-30.090	-46.535	000	-30.305	-18.183	0.000
658.0	2.0	52.000	177.520	30.120	3	30.125	43.760	30.100	43.760	000	-30.305	-18.183	0.000
658.0	2.0	56.000	176.965	26.963	4	26.957	46.500	30.000	46.500	000	-30.305	-18.183	0.000
658.0	2.0	56.000	177.023	26.796	2	-26.802	-43.510	-26.969	-43.511	000	-30.305	-18.183	0.000
658.0	2.0	56.000	176.193	26.802	1	-26.795	-46.902	-26.957	-46.902	000	-30.305	-18.183	0.000
658.0	2.0	56.000	176.749	26.993	3	27.000	43.375	26.969	43.375	000	-30.305	-18.183	0.000
658.0	2.0	60.000	176.137	23.242	4	23.236	46.891	30.000	46.891	000	-30.305	-18.183	0.000
658.0	2.0	60.000	176.066	23.106	2	-23.113	-43.032	-23.249	-43.032	000	-30.305	-18.183	0.000
658.0	2.0	60.000	175.129	23.108	1	-23.100	-47.434	-23.235	-47.435	000	-30.305	-18.183	0.000
658.0	2.0	60.000	175.689	23.302	3	23.309	42.845	23.249	42.844	000	-30.305	-18.183	0.000
658.0	2.0	64.000	174.830	18.761	4	18.754	47.509	30.000	47.509	000	-30.305	-18.183	0.000
658.0	2.0	64.000	174.517	18.694	2	-18.702	-42.258	-18.769	-42.258	000	-30.305	-18.183	0.000
658.0	2.0	64.000	173.516	18.696	1	-18.687	-48.241	-18.754	-48.241	000	-30.305	-18.183	0.000
658.0	2.0	64.000	174.071	18.892	3	18.901	42.037	18.769	42.037	000	-30.305	-18.183	0.000
658.0	2.0	68.000	172.338	13.091	4	13.083	48.690	30.000	48.690	000	-30.305	-18.183	0.000
658.0	2.0	68.000	171.488	13.389	2	-13.398	-40.747	-13.099	-40.747	000	-30.305	-18.183	0.000
658.0	2.0	68.000	170.438	13.384	1	-13.373	-49.784	-13.083	-49.784	000	-30.305	-18.183	0.000
658.0	2.0	68.000	171.053	13.566	3	13.575	40.531	13.099	40.531	000	-30.305	-18.183	0.000
658.0	2.0	52.000	177.600	30.092	4	30.087	46.200	30.000	46.201	000	-18.183	-18.183	0.000
658.0	2.0	52.000	177.776	29.925	2	-29.930	-43.887	-30.096	-43.887	000	-18.183	-18.183	0.000
658.0	2.0	52.000	176.997	29.935	1	-29.929	-46.501	-30.087	-46.501	000	-18.183	-18.183	0.000
658.0	2.0	52.000	177.592	30.118	3	30.123	43.796	30.097	43.796	000	-18.183	-18.183	0.000
658.0	2.0	56.000	177.054	26.959	4	26.953	46.456	30.000	46.456	000	-18.183	-18.183	0.000
658.0	2.0	56.000	177.116	26.794	2	-26.800	-43.557	-26.965	-43.557	000	-18.183	-18.183	0.000
658.0	2.0	56.000	176.283	26.805	1	-26.798	-46.858	-26.953	-46.858	000	-18.183	-18.183	0.000
658.0	2.0	56.000	176.844	26.993	3	26.999	43.422	26.965	43.422	000	-18.183	-18.183	0.000
658.0	2.0	60.000	176.252	23.247	4	23.241	46.833	30.000	46.833	000	-18.183	-18.183	0.000
658.0	2.0	60.000	176.194	23.102	2	-23.108	-43.096	-23.254	-43.096	000	-18.183	-18.183	0.000
658.0	2.0	60.000	175.251	23.101	1	-23.093	-47.374	-23.241	-47.373	000	-18.183	-18.183	0.000
658.0	2.0	60.000	175.813	23.292	3	23.300	42.907	23.254	42.907	000	-18.183	-18.183	0.000
658.0	2.0	64.000	174.975	18.749	4	18.742	47.437	30.000	47.437	000	-18.183	-18.183	0.000
658.0	2.0	64.000	174.680	18.691	2	-18.699	-42.339	-18.756	-42.340	000	-18.183	-18.183	0.000
658.0	2.0	64.000	173.675	18.692	1	-18.683	-48.162	-18.742	-48.162	000	-18.183	-18.183	0.000
658.0	2.0	64.000	174.231	18.878	3	18.887	42.117	18.756	42.117	000	-18.183	-18.183	0.000
658.0	2.0	68.000	172.544	13.019	4	13.011	48.586	30.000	48.586	000	-18.183	-18.183	0.000
658.0	2.0	68.000	171.715	13.380	2	-13.388	-40.861	-13.026	-40.861	000	-18.183	-18.183	0.000
658.0	2.0	68.000	170.645	13.376	1	-13.366	-49.681	-13.011	-49.682	000	-18.183	-18.183	0.000
658.0	2.0	68.000	171.262	13.555	3	13.565	40.637	13.027	40.637	000	-18.183	-18.183	0.000
658.0	2.0	52.000	177.642	30.090	4	30.085	46.180	30.000	46.179	000	-6.061	-18.183	0.000
658.0	2.0	52.000	177.829	29.928	2	-29.932	-43.913	-30.095	-43.913	000	-6.061	-18.183	0.000
658.0	2.0	52.000	177.042	29.937	1	-29.931	-46.478	-30.086	-46.478	000	-6.061	-18.183	0.000
658.0	2.0	52.000	177.629	30.122	3	30.126	43.815	30.095	43.815	000	-6.061	-18.183	0.000
658.0	2.0	56.000	177.109	26.961	4	26.955	46.428	30.000	46.428	000	-6.061	-18.183	0.000
658.0	2.0	56.000	177.177	26.798	2	-26.804	-43.587	-26.966	-43.588	000	-6.061	-18.183	0.000
658.0	2.0	56.000	176.314	26.798	1	-26.791	-46.842	-26.955	-46.842	000	-6.061	-18.183	0.000
658.0	2.0	56.000	176.892	26.988	3	26.994	43.446	26.966	43.446	000	-6.061	-18.183	0.000
658.0	2.0	60.000	176.316	23.249	4	23.243	46.801	30.000	46.801	000	-6.061	-18.183	0.000
658.0	2.0	60.000	176.274	23.105	2	-23.111	-43.136	-23.255	-43.136	000	-6.061	-18.183	0.000
658.0	2.0	60.000	175.307	23.108	1	-23.100	-47.346	-23.242	-47.346	000	-6.061	-18.183	0.000
658.0	2.0	60.000	175.874	23.294	3	23.301	42.937	23.256	42.937	000	-6.061	-18.183	0.000
658.0	2.0	64.000	175.055	18.764	4	18.757	47.397	30.000	47.397	000	-6.061	-18.183	0.000
658.0	2.0	64.000	174.778	18.696	2	-18.703	-42.388	-18.771	-42.388	000	-6.061	-18.183	0.000
658.0	2.0	64.000	173.752	18.695	1	-18.686	-48.123	-18.757	-48.123	000	-6.061	-18.183	0.000
658.0	2.0	64.000	174.324	18.877	3	18.885	42.163	18.771	42.163	000	-6.061	-18.183	0.000
658.0	2.0	68.000	172.679	13.033	4	13.025	48.518	30.000	48.518	000	-6.061	-18.183	0.000
658.0	2.0	68.000	171.892	13.380	2	-13.389	-40.950	-13.040	-40.950	000	-6.061	-18.183	0.000
658.0	2.0	68.000	170.790	13.380	1	-13.370	-49.609	-13.025	-49.609	000	-6.061	-18.183	0.000
658.0	2.0	68.000	171.408	13.557	3	13.566	40.710	13.040	40.710	000	-6.061	-18.183	0.000
658.0	2.0	52.000	177.610	30.093	4	30.088	46.195	30.000	46.195	000	6.061	-18.183	0.000
658.0	2.0	52.000	177.788	29.924	2	-29.928	-43.893	-30.097	-43.893	000	6.061	-18.183	0.000
658.0	2.0	52.000	177.005	29.937	1	-29.931	-46.497	-30.088	-46.497	000	6.061	-18.183	0.000
658.0	2.0	52.000	177.606	30.120	3	30.125	43.803	30.098	43.803	000	6.061	-18.183	0.000
658.0	2.0	56.000	177.059	26.966	4	26.960	46.453	30.000	46.453	000	6.061	-18.183	0.000
658.0	2.0	56.000	177.126	26.793	2	-26.799	-43.562	-26.972	-43.562	000	6.061	-18.183	0.000
658.0	2.0	56.000	176.278	26.804	1	-26.797	-46.860	-26.960	-46.860	000	6.061	-18.183	0.000
658.0	2.0	56.000	176.848	26.995	3	27.001	43.424	26.971	43.425	000	6.061	-18.183	0.000
658.0	2.0	60.000	176.260	23.243	4	23.237	46.829	30.000	46.829	000	6.061	-18.183	0.000
658.0	2.0	60.000	176.221	23.103	2	-23.109	-43.109	-23.250	-43.109	000	6.061	-18.183	0.000
658.0	2.0	60.000	175.259	23.109	1	-23.101	-47.370	-23.237	-47.370	000	6.061	-18.183	0.000
658.0	2.0	60.000	175.823	23.300	3	23.307	42.912	23.250	42.912	000	6.061	-18.183	0.000
658.0	2.0	64.000	174.996	18.759	4	18.752	47.426	30.000	47.426	000	6.061	-18.183	0.000
658.0	2.0	64.000	174.705	18.696	2	-18.703	-42.352	-18.766	-42.352	000	6.061	-18.183	0.000
658.0	2.0	64.000	173.698	18.695	1	-18.685	-48.151	-18.752	-48.150	000	6.061	-18.183	0.000
658.0	2.0	64.000	174.261	18.882	3	18.890	42.131	18.766	42.131	000	6.061	-18.183	0.000
658.0	2.0	68.000	172.577	12.991	4	12.983	48.569	30.000	48.569	000	6.061	-18.183	0.000
658.0	2.0	68.000	171.785	13.382	2	-13.391	-40.897	-12.999	-40.896	000	6.061	-18.183	0.000
658.0	2.0	68.000	170.704	13.380	1	-13.370	-49.652	-12.983	-49.652	000	6.061	-18.183	0.000
658.0	2.0	68.000	171.315	13.559	3	13.569	40.663	12.998	40.663	000	6.061	-18.183	0.000
658.0	2.0	52.000	177.657	30.095	4	30.090	46.172	30.000	46.172	000	18.189	-18.183	0.000
658.0	2.0	52.000	177.844	29.929	2	-29.934	-43.921	-30.100	-43.921	000	18.183	-18.183	0.000
658.0	2.0	52.000	177.037	29.938	1	-29.932	-46.481	-30.090	-46.481	000	18.183	-18.183	0.000
658.0	2.0	52.000	177.631	30.123	3	30.128	43.816	30.099	43.816	000	18.183	-18.183	0.000
658.0	2.0	56.000	177.120	26.966	4	26.961	46.423	30.000	46.423	000	18.183	-18.183	0.000
658.0	2.0	56.000	177.211	26.799	2	-26.804	-43.604	-26.972	-43.604	000	18.183	-18.183	0.000
658.0	2.0	56.000	176.324	26.805	1	-26.798	-46.837	-26.961	-46.837	000	18.183	-18.183	0.000
658.0	2.0	56.000	176.893	26.996	3	27.002	43.447	26.972	43.447	000	18.183	-18.183	0.000
658.0	2.0	60.000	176.328	23.251	4	23.245	46.795	30.000	46.795	000	18.183	-18.183	0.000
658.0	2.0	60.000	176.302	23.105	2	-23.111	-43.150	-23.258	-43.150	000	18.183	-18.183	0.000
658.0	2.0	60.000	175.308	23.106	1	-23.098	-47.345	-23.245	-47.345	000	18.183	-18.183	0.000
658.0	2.0	60.000	175.879	23.297	3	23.304	42.940	23.258	42.940	000	18.183	-18.183	0.000
658.0	2.0	64.000	175.077	18.760	4	18.753	47.385	30.000	47.385	000	18.183	-18.183	0.000
658.0	2.0	64.000	174.828	18.696	2	-18.704	-42.414	-18.767	-42.413	000	18.183	-18.183	0.000
658.0	2.0	64.000	173.754	18.693	1	-18.684	-48.122	-18.752	-48.122	000	18.183	-18.183	0.000
658.0	2.0	64.000	174.330	18.885	3	18.893	42.166	18.766	42.166	000	18.183	-18.183	0.000
658.0	2.0	68.000	172.692	13.044	4	13.036	48.512	30.000	48.512	000	18.183	-18.183	0.000
658.0	2.0	68.000	171.914	13.385	2	-13.393	-40.961	-13.051	-40.961	000	18.183	-18.183	0.000
658.0	2.0	68.000	170.785	13.382	1	-13.373	-49.611	-13.036	-49.611	000	18.183	-18.183	0.000
658.0	2.0	68.000	171.415	13.564	3	13.574	40.713	13.051	40.713	000	18.183	-18.183	0.000
658.0	2.0	52.000	177.542	30.098	4	30.092	46.230	30.000	46.230	000	30.310	-18.183	0.000
658.0	2.0	52.000	177.730	29.923	2	-29.928	-43.864	-30.103	-43.864	000	30.305	-18.183	0.000
658.0	2.0	52.000	176.923	29.934	1	-29.928	-46.538	-30.093	-46.538	000	30.305	-18.183	0.000
658.0	2.0	52.000	177.529	30.127	3	30.132	43.765	30.103	43.765	000	30.305	-18.183	0.000
658.0	2.0	56.000	176.972	26.965	4	26.959	46.497	30.000	46.497	000	30.305	-18.183	0.000
658.0	2.0	56.000	177.060	26.798	2	-26.804	-43.529	-26.971	-43.529	000	30.305	-18.183	0.000
658.0	2.0	56.000	176.187	26.800	1	-26.793	-46.905	-26.959	-46.905	000	30.305	-18.183	0.000
658.0	2.0	56.000	176.760	27.000	3	27.006	43.380	26.971	43.381	000	30.305	-18.183	0.000
658.0	2.0	60.000	176.142	23.252	4	23.246	46.888	30.000	46.888	000	30.305	-18.183	0.000
658.0	2.0	60.000	176.114	23.099	2	-23.106	-43.056	-23.259	-43.056	000	30.305	-18.183	0.000
658.0	2.0	60.000	175.125	23.106	1	-23.098	-47.437	-23.246	-47.437	000	30.305	-18.183	0.000
658.0	2.0	60.000	175.702	23.300	3	23.308	42.851	23.259	42.851	000	30.305	-18.183	0.000
658.0	2.0	64.000	174.833	18.762	4	18.755	47.508	30.000	47.508	000	30.305	-18.183	0.000
658.0	2.0	64.000	174.554	18.693	2	-18.700	-42.277	-18.770	-42.277	000	30.305	-18.183	0.000
658.0	2.0	64.000	173.521	18.693	1	-18.684	-48.239	-18.755	-48.239	000	30.305	-18.183	0.000
658.0	2.0	64.000	174.095	18.886	3	18.894	42.048	18.770	42.049	000	30.305	-18.183	0.000
658.0	2.0	68.000	172.312	13.079	4	13.071	48.703	30.000	48.703	000	30.305	-18.183	0.000
658.0	2.0	68.000	171.528	13.389	2	-13.399	-40.767	-13.087	-40.767	000	30.305	-18.183	0.000
658.0	2.0	68.000	170.437	13.382	1	-13.371	-49.785	-13.071	-49.785	000	30.305	-18.183	0.000
658.0	2.0	68.000	171.071	13.568	3	13.578	40.541	13.087	40.541	000	30.305	-18.183	0.000
658.0	2.0	52.000	177.553	30.095	4	30.090	46.224	30.000	46.224	000	-30.311	-6.061	0.000
658.0	2.0	52.000	177.747	29.925	2	-29.930	-43.873	-30.100	-43.873	000	-30.305	-6.061	0.000
658.0	2.0	52.000	176.929	29.927	1	-29.921	-46.534	-30.090	-46.535	000	-30.305	-6.061	0.000
658.0	2.0	52.000	177.552	30.122	3	30.127	43.776	30.101	43.776	000	-30.305	-6.061	0.000
658.0	2.0	56.000	176.983	26.964	4	26.958	46.491	30.000	46.491	000	-30.305	-6.061	0.000
658.0	2.0	56.000	177.062	26.796	2	-26.801	-43.530	-26.969	-43.530	000	-30.305	-6.061	0.000
658.0	2.0	56.000	176.201	26.804	1	-26.796	-46.899	-26.958	-46.899	000	-30.305	-6.061	0.000
658.0	2.0	56.000	176.779	26.990	3	26.996	43.389	26.970	43.389	000	-30.305	-6.061	0.000
658.0	2.0	60.000	176.150	23.248	4	23.241	46.884	30.000	46.884	000	-30.305	-6.061	0.000
658.0	2.0	60.000	176.129	23.102	2	-23.109	-43.064	-23.255	-43.064	000	-30.305	-6.061	0.000
658.0	2.0	60.000	175.154	23.107	1	-23.099	-47.422	-23.241	-47.422	000	-30.305	-6.061	0.000
658.0	2.0	60.000	175.722	23.296	3	23.304	42.861	23.255	42.861	000	-30.305	-6.061	0.000
658.0	2.0	64.000	174.856	18.775	4	18.768	47.496	30.000	47.497	000	-30.305	-6.061	0.000
658.0	2.0	64.000	174.583	18.692	2	-18.700	-42.291	-18.783	-42.291	000	-30.305	-6.061	0.000
658.0	2.0	64.000	173.547	18.695	1	-18.686	-48.226	-18.768	-48.226	000	-30.305	-6.061	0.000
658.0	2.0	64.000	174.115	18.883	3	18.892	42.059	18.783	42.059	000	-30.305	-6.061	0.000
658.0	2.0	68.000	172.349	13.048	4	13.040	48.684	30.000	48.683	000	-30.305	-6.061	0.000
658.0	2.0	68.000	171.586	13.385	2	-13.394	-40.797	-13.056	-40.797	000	-30.305	-6.061	0.000
658.0	2.0	68.000	170.475	13.377	1	-13.367	-49.766	-13.040	-49.766	000	-30.305	-6.061	0.000
658.0	2.0	68.000	171.097	13.558	3	13.568	40.554	13.056	40.554	000	-30.305	-6.061	0.000
658.0	2.0	52.000	177.584	30.090	4	30.085	46.208	30.000	46.208	000	-18.182	-6.061	0.000
658.0	2.0	52.000	177.777	29.925	2	-29.929	-43.888	-30.095	-43.888	000	-18.183	-6.061	0.000
658.0	2.0	52.000	176.978	29.933	1	-29.926	-46.510	-30.085	-46.510	000	-18.183	-6.061	0.000
658.0	2.0	52.000	177.593	30.114	3	30.119	43.796	30.095	43.796	000	-18.183	-6.061	0.000
658.0	2.0	56.000	177.030	26.962	4	26.957	46.468	30.000	46.468	000	-18.183	-6.061	0.000
658.0	2.0	56.000	177.131	26.797	2	-26.803	-43.564	-26.968	-43.564	000	-18.183	-6.061	0.000
658.0	2.0	56.000	176.259	26.803	1	-26.796	-46.870	-26.957	-46.870	000	-18.183	-6.061	0.000
658.0	2.0	56.000	176.834	26.995	3	27.002	43.417	26.968	43.417	000	-18.183	-6.061	0.000
658.0	2.0	60.000	176.222	23.238	4	23.231	46.848	30.000	46.848	000	-18.183	-6.061	0.000
658.0	2.0	60.000	176.192	23.099	2	-23.106	-43.095	-23.244	-43.095	000	-18.183	-6.061	0.000
658.0	2.0	60.000	175.222	23.104	1	-23.096	-47.388	-23.231	-47.388	000	-18.183	-6.061	0.000
658.0	2.0	60.000	175.800	23.297	3	23.304	42.900	23.244	42.900	000	-18.183	-6.061	0.000
658.0	2.0	64.000	174.931	18.764	4	18.756	47.459	30.000	47.459	000	-18.183	-6.061	0.000
658.0	2.0	64.000	174.685	18.696	2	-18.703	-42.342	-18.771	-42.342	000	-18.183	-6.061	0.000
658.0	2.0	64.000	173.635	18.691	1	-18.682	-48.182	-18.756	-48.182	000	-18.183	-6.061	0.000
658.0	2.0	64.000	174.217	18.883	3	18.892	42.110	18.771	42.110	000	-18.183	-6.061	0.000
658.0	2.0	68.000	172.490	13.080	4	13.072	48.614	30.000	48.614	000	-18.183	-6.061	0.000
658.0	2.0	68.000	171.724	13.382	2	-13.391	-40.865	-13.087	-40.865	000	-18.183	-6.061	0.000
658.0	2.0	68.000	170.637	13.379	1	-13.369	-49.685	-13.072	-49.685	000	-18.183	-6.061	0.000
658.0	2.0	68.000	171.250	13.562	3	13.572	40.630	13.088	40.630	000	-18.183	-6.061	0.000
658.0	2.0	52.000	177.508	30.092	4	30.087	46.246	30.000	46.246	000	-6.061	-6.061	0.000
658.0	2.0	52.000	177.703	29.921	2	-29.926	-43.851	-30.097	-43.850	000	-6.061	-6.061	0.000
658.0	2.0	52.000	176.918	29.935	1	-29.928	-46.540	-30.087	-46.541	000	-6.061	-6.061	0.000
658.0	2.0	52.000	177.513	30.116	3	30.121	43.756	30.097	43.756	000	-6.061	-6.061	0.000
658.0	2.0	56.000	176.932	26.964	4	26.958	46.517	30.000	46.517	000	-6.061	-6.061	0.000
658.0	2.0	56.000	177.024	26.794	2	-26.800	-43.511	-26.969	-43.511	000	-6.061	-6.061	0.000
658.0	2.0	56.000	176.165	26.803	1	-26.795	-46.916	-26.957	-46.916	000	-6.061	-6.061	0.000
658.0	2.0	56.000	176.742	26.985	3	26.991	43.371	26.969	43.371	000	-6.061	-6.061	0.000
658.0	2.0	60.000	176.093	23.239	4	23.232	46.913	30.000	46.912	000	-6.061	-6.061	0.000
658.0	2.0	60.000	176.077	23.101	2	-23.108	-43.037	-23.246	-43.037	000	-6.061	-6.061	0.000
658.0	2.0	60.000	175.098	23.104	1	-23.095	-47.450	-23.232	-47.450	000	-6.061	-6.061	0.000
658.0	2.0	60.000	175.681	23.293	3	23.301	42.841	23.246	42.841	000	-6.061	-6.061	0.000
658.0	2.0	64.000	174.764	18.763	4	18.756	47.542	30.000	47.542	000	-6.061	-6.061	0.000
658.0	2.0	64.000	174.515	18.692	2	-18.700	-42.257	-18.771	-42.257	000	-6.061	-6.061	0.000
658.0	2.0	64.000	173.507	18.694	1	-18.684	-48.246	-18.756	-48.246	000	-6.061	-6.061	0.000
658.0	2.0	64.000	174.059	18.881	3	18.889	42.030	18.771	42.030	000	-6.061	-6.061	0.000
658.0	2.0	68.000	172.248	13.061	4	13.053	48.734	30.000	48.734	000	-6.061	-6.061	0.000
658.0	2.0	68.000	171.510	13.382	2	-13.391	-40.758	-13.069	-40.758	000	-6.061	-6.061	0.000
658.0	2.0	68.000	170.427	13.383	1	-13.373	-49.790	-13.052	-49.790	000	-6.061	-6.061	0.000
658.0	2.0	68.000	171.033	13.560	3	13.569	40.522	13.069	40.522	000	-6.061	-6.061	0.000
658.0	2.0	52.000	177.666	30.092	4	30.087	46.168	30.000	46.168	000	6.067	-6.061	0.000
658.0	2.0	52.000	177.857	29.924	2	-29.929	-43.928	-30.096	-43.928	000	6.061	-6.061	0.000
658.0	2.0	52.000	177.059	29.933	1	-29.927	-46.470	-30.087	-46.470	000	6.061	-6.061	0.000
658.0	2.0	52.000	177.672	30.115	3	30.120	43.836	30.097	43.836	000	6.061	-6.061	0.000
658.0	2.0	56.000	177.126	26.961	4	26.956	46.420	30.000	46.420	000	6.061	-6.061	0.000
658.0	2.0	56.000	177.220	26.798	2	-26.804	-43.609	-26.967	-43.609	000	6.061	-6.061	0.000
658.0	2.0	56.000	176.352	26.808	1	-26.801	-46.823	-26.956	-46.823	000	6.061	-6.061	0.000
658.0	2.0	56.000	176.938	26.988	3	26.993	43.469	26.967	43.469	000	6.061	-6.061	0.000
658.0	2.0	60.000	176.344	23.244	4	23.238	46.787	30.000	46.787	000	6.061	-6.061	0.000
658.0	2.0	60.000	176.329	23.099	2	-23.105	-43.163	-23.251	-43.164	000	6.061	-6.061	0.000
658.0	2.0	60.000	175.373	23.106	1	-23.098	-47.313	-23.238	-47.312	000	6.061	-6.061	0.000
658.0	2.0	60.000	175.931	23.292	3	23.299	42.966	23.250	42.966	000	6.061	-6.061	0.000
658.0	2.0	64.000	175.105	18.751	4	18.744	47.372	30.000	47.372	000	6.061	-6.061	0.000
658.0	2.0	64.000	174.867	18.684	2	-18.692	-42.433	-18.758	-42.433	000	6.061	-6.061	0.000
658.0	2.0	64.000	173.842	18.687	1	-18.679	-48.078	-18.744	-48.078	000	6.061	-6.061	0.000
658.0	2.0	64.000	174.403	18.878	3	18.886	42.202	18.758	42.202	000	6.061	-6.061	0.000
658.0	2.0	68.000	172.693	12.945	4	12.937	48.510	30.000	48.510	000	6.061	-6.061	0.000
658.0	2.0	68.000	171.967	13.361	2	-13.369	-40.988	-12.952	-40.988	000	6.061	-6.061	0.000
658.0	2.0	68.000	170.868	13.361	1	-13.351	-49.570	-12.937	-49.570	000	6.061	-6.061	0.000
658.0	2.0	68.000	171.483	13.537	3	13.546	40.748	12.952	40.748	000	6.061	-6.061	0.000
658.0	2.0	52.000	177.649	30.098	4	30.093	46.176	30.000	46.176	000	18.183	-6.061	0.000
658.0	2.0	52.000	177.848	29.920	2	-29.924	-43.923	-30.103	-43.923	000	18.183	-6.061	0.000
658.0	2.0	52.000	177.060	29.932	1	-29.926	-46.469	-30.093	-46.469	000	18.183	-6.061	0.000
658.0	2.0	52.000	177.659	30.119	3	30.124	43.830	30.102	43.830	000	18.183	-6.061	0.000
658.0	2.0	56.000	177.112	26.965	4	26.959	46.427	30.000	46.427	000	18.183	-6.061	0.000
658.0	2.0	56.000	177.217	26.796	2	-26.801	-43.607	-26.970	-43.607	000	18.183	-6.061	0.000
658.0	2.0	56.000	176.345	26.806	1	-26.798	-46.827	-26.959	-46.827	000	18.183	-6.061	0.000
658.0	2.0	56.000	176.916	26.989	3	26.995	43.458	26.970	43.458	000	18.183	-6.061	0.000
658.0	2.0	60.000	176.320	23.243	4	23.237	46.799	30.000	46.799	000	18.183	-6.061	0.000
658.0	2.0	60.000	176.316	23.101	2	-23.107	-43.157	-23.250	-43.157	000	18.183	-6.061	0.000
658.0	2.0	60.000	175.343	23.105	1	-23.097	-47.328	-23.237	-47.328	000	18.183	-6.061	0.000
658.0	2.0	60.000	175.915	23.298	3	23.305	42.958	23.250	42.958	000	18.183	-6.061	0.000
658.0	2.0	64.000	175.079	18.761	4	18.754	47.385	30.000	47.384	000	18.183	-6.061	0.000
658.0	2.0	64.000	174.858	18.686	2	-18.693	-42.429	-18.768	-42.429	000	18.183	-6.061	0.000
658.0	2.0	64.000	173.813	18.691	1	-18.682	-48.093	-18.753	-48.093	000	18.183	-6.061	0.000
658.0	2.0	64.000	174.379	18.886	3	18.894	42.191	18.768	42.191	000	18.183	-6.061	0.000
658.0	2.0	68.000	172.717	13.063	4	13.056	48.500	30.000	48.500	000	18.183	-6.061	0.000
658.0	2.0	68.000	172.021	13.373	2	-13.381	-41.014	-13.071	-41.014	000	18.183	-6.061	0.000
658.0	2.0	68.000	170.902	13.372	1	-13.363	-49.552	-13.056	-49.552	000	18.183	-6.061	0.000
658.0	2.0	68.000	171.511	13.557	3	13.566	40.761	13.071	40.761	000	18.183	-6.061	0.000
658.0	2.0	52.000	177.494	30.100	4	30.095	46.254	30.000	46.254	000	30.310	-6.061	0.000
658.0	2.0	52.000	177.689	29.926	2	-29.931	-43.843	-30.106	-43.843	000	30.305	-6.061	0.000
658.0	2.0	52.000	176.878	29.936	1	-29.930	-46.560	-30.095	-46.560	000	30.305	-6.061	0.000
658.0	2.0	52.000	177.484	30.121	3	30.127	43.742	30.106	43.742	000	30.305	-6.061	0.000
658.0	2.0	56.000	176.894	26.966	4	26.960	46.535	30.000	46.535	000	30.305	-6.061	0.000
658.0	2.0	56.000	177.000	26.794	2	-26.800	-43.499	-26.972	-43.499	000	30.305	-6.061	0.000
658.0	2.0	56.000	176.120	26.806	1	-26.798	-46.939	-26.960	-46.939	000	30.305	-6.061	0.000
658.0	2.0	56.000	176.701	26.989	3	26.996	43.351	26.971	43.351	000	30.305	-6.061	0.000
658.0	2.0	60.000	176.029	23.251	4	23.245	46.945	30.000	46.945	000	30.305	-6.061	0.000
658.0	2.0	60.000	176.028	23.103	2	-23.110	-43.013	-23.258	-43.013	000	30.305	-6.061	0.000
658.0	2.0	60.000	175.037	23.110	1	-23.102	-47.481	-23.245	-47.481	000	30.305	-6.061	0.000
658.0	2.0	60.000	175.611	23.298	3	23.306	42.806	23.258	42.806	000	30.305	-6.061	0.000
658.0	2.0	64.000	174.661	18.771	4	18.764	47.594	30.000	47.594	000	30.305	-6.061	0.000
658.0	2.0	64.000	174.436	18.697	2	-18.705	-42.217	-18.779	-42.217	000	30.305	-6.061	0.000
658.0	2.0	64.000	173.376	18.703	1	-18.693	-48.311	-18.763	-48.311	000	30.305	-6.061	0.000
658.0	2.0	64.000	173.949	18.888	3	18.897	41.975	18.779	41.975	000	30.305	-6.061	0.000
658.0	2.0	68.000	172.022	12.975	4	12.967	48.846	30.000	48.847	000	30.305	-6.061	0.000
658.0	2.0	68.000	171.319	13.392	2	-13.401	-40.664	-12.983	-40.663	000	30.305	-6.061	0.000
658.0	2.0	68.000	170.192	13.394	1	-13.383	-49.909	-12.967	-49.909	000	30.305	-6.061	0.000
658.0	2.0	68.000	170.828	13.573	3	13.583	40.420	12.983	40.420	000	30.305	-6.061	0.000
658.0	2.0	52.000	177.491	30.094	4	30.089	46.255	30.000	46.255	000	-30.306	6.061	0.000
658.0	2.0	52.000	177.691	29.928	2	-29.933	-43.844	-30.099	-43.844	000	-30.305	6.061	0.000
658.0	2.0	52.000	176.898	29.935	1	-29.929	-46.550	-30.089	-46.550	000	-30.305	6.061	0.000
658.0	2.0	52.000	177.502	30.113	3	30.118	43.751	30.099	43.751	000	-30.305	6.061	0.000
658.0	2.0	56.000	176.908	26.963	4	26.957	46.529	30.000	46.529	000	-30.305	6.061	0.000
658.0	2.0	56.000	177.015	26.798	2	-26.803	-43.507	-26.969	-43.507	000	-30.305	6.061	0.000
658.0	2.0	56.000	176.144	26.807	1	-26.799	-46.927	-26.957	-46.927	000	-30.305	6.061	0.000
658.0	2.0	56.000	176.730	26.987	3	26.994	43.365	26.969	43.365	000	-30.305	6.061	0.000
658.0	2.0	60.000	176.067	23.247	4	23.240	46.926	30.000	46.926	000	-30.305	6.061	0.000
658.0	2.0	60.000	176.065	23.099	2	-23.106	-43.031	-23.254	-43.031	000	-30.305	6.061	0.000
658.0	2.0	60.000	175.098	23.109	1	-23.101	-47.450	-23.240	-47.450	000	-30.305	6.061	0.000
658.0	2.0	60.000	175.673	23.296	3	23.303	42.837	23.254	42.837	000	-30.305	6.061	0.000
658.0	2.0	64.000	174.736	18.763	4	18.756	47.556	30.000	47.556	000	-30.305	6.061	0.000
658.0	2.0	64.000	174.532	18.694	2	-18.702	-42.265	-18.771	-42.265	000	-30.305	6.061	0.000
658.0	2.0	64.000	173.498	18.692	1	-18.683	-48.250	-18.756	-48.250	000	-30.305	6.061	0.000
658.0	2.0	64.000	174.066	18.876	3	18.884	42.034	18.771	42.034	000	-30.305	6.061	0.000
658.0	2.0	68.000	172.222	13.027	4	13.019	48.747	30.000	48.747	000	-30.305	6.061	0.000
658.0	2.0	68.000	171.536	13.380	2	-13.389	-40.772	-13.036	-40.772	000	-30.305	6.061	0.000
658.0	2.0	68.000	170.448	13.382	1	-13.372	-49.780	-13.019	-49.780	000	-30.305	6.061	0.000
658.0	2.0	68.000	171.053	13.556	3	13.566	40.532	13.035	40.532	000	-30.305	6.061	0.000
658.0	2.0	52.000	177.668	30.094	4	30.089	46.167	30.000	46.167	000	-18.182	6.061	0.000
658.0	2.0	52.000	177.874	29.923	2	-29.927	-43.936	-30.099	-43.936	000	-18.183	6.061	0.000
658.0	2.0	52.000	177.082	29.940	1	-29.934	-46.458	-30.089	-46.458	000	-18.183	6.061	0.000
658.0	2.0	52.000	177.683	30.115	3	30.119	43.842	30.099	43.842	000	-18.183	6.061	0.000
658.0	2.0	56.000	177.130	26.961	4	26.956	46.417	30.000	46.417	000	-18.183	6.061	0.000
658.0	2.0	56.000	177.245	26.795	2	-26.800	-43.621	-26.967	-43.621	000	-18.183	6.061	0.000
658.0	2.0	56.000	176.381	26.807	1	-26.800	-46.808	-26.956	-46.808	000	-18.183	6.061	0.000
658.0	2.0	56.000	176.946	26.987	3	26.993	43.473	26.967	43.473	000	-18.183	6.061	0.000
658.0	2.0	60.000	176.342	23.234	4	23.228	46.788	30.000	46.788	000	-18.183	6.061	0.000
658.0	2.0	60.000	176.344	23.096	2	-23.103	-43.171	-23.240	-43.171	000	-18.183	6.061	0.000
658.0	2.0	60.000	175.374	23.106	1	-23.098	-47.312	-23.227	-47.312	000	-18.183	6.061	0.000
658.0	2.0	60.000	175.948	23.289	3	23.296	42.974	23.241	42.974	000	-18.183	6.061	0.000
658.0	2.0	64.000	175.090	18.754	4	18.747	47.379	30.000	47.379	000	-18.183	6.061	0.000
658.0	2.0	64.000	174.884	18.691	2	-18.698	-42.441	-18.761	-42.442	000	-18.183	6.061	0.000
658.0	2.0	64.000	173.863	18.693	1	-18.684	-48.068	-18.747	-48.068	000	-18.183	6.061	0.000
658.0	2.0	64.000	174.421	18.875	3	18.883	42.211	18.761	42.211	000	-18.183	6.061	0.000
658.0	2.0	68.000	172.712	13.060	4	13.052	48.502	30.000	48.502	000	-18.183	6.061	0.000
658.0	2.0	68.000	172.034	13.369	2	-13.377	-41.020	-13.067	-41.020	000	-18.183	6.061	0.000
658.0	2.0	68.000	170.948	13.375	1	-13.365	-49.529	-13.052	-49.529	000	-18.183	6.061	0.000
658.0	2.0	68.000	171.553	13.548	3	13.557	40.781	13.067	40.782	000	-18.183	6.061	0.000
658.0	2.0	52.000	177.639	30.095	4	30.090	46.181	30.000	46.181	000	-6.061	6.061	0.000
658.0	2.0	52.000	177.840	29.923	2	-29.927	-43.919	-30.100	-43.919	000	-6.061	6.061	0.000
658.0	2.0	52.000	177.035	29.937	1	-29.930	-46.481	-30.090	-46.481	000	-6.061	6.061	0.000
658.0	2.0	52.000	177.636	30.118	3	30.123	43.818	30.100	43.818	000	-6.061	6.061	0.000
658.0	2.0	56.000	177.087	26.973	4	26.967	46.439	30.000	46.439	000	-6.061	6.061	0.000
658.0	2.0	56.000	177.212	26.797	2	-26.802	-43.605	-26.978	-43.605	000	-6.061	6.061	0.000
658.0	2.0	56.000	176.307	26.803	1	-26.796	-46.846	-26.967	-46.846	000	-6.061	6.061	0.000
658.0	2.0	56.000	176.898	26.994	3	27.000	43.449	26.978	43.449	000	-6.061	6.061	0.000
658.0	2.0	60.000	176.283	23.252	4	23.246	46.818	30.000	46.818	000	-6.061	6.061	0.000
658.0	2.0	60.000	176.308	23.101	2	-23.108	-43.153	-23.259	-43.153	000	-6.061	6.061	0.000
658.0	2.0	60.000	175.315	23.109	1	-23.101	-47.342	-23.246	-47.342	000	-6.061	6.061	0.000
658.0	2.0	60.000	175.883	23.291	3	23.299	42.942	23.259	42.942	000	-6.061	6.061	0.000
658.0	2.0	64.000	175.023	18.754	4	18.747	47.413	30.000	47.413	000	-6.061	6.061	0.000
658.0	2.0	64.000	174.831	18.693	2	-18.700	-42.415	-18.761	-42.415	000	-6.061	6.061	0.000
658.0	2.0	64.000	173.780	18.697	1	-18.688	-48.110	-18.747	-48.110	000	-6.061	6.061	0.000
658.0	2.0	64.000	174.331	18.882	3	18.890	42.167	18.761	42.166	000	-6.061	6.061	0.000
658.0	2.0	68.000	172.642	12.978	4	12.970	48.536	30.000	48.536	000	-6.061	6.061	0.000
658.0	2.0	68.000	171.972	13.374	2	-13.383	-40.990	-12.985	-40.990	000	-6.061	6.061	0.000
658.0	2.0	68.000	170.826	13.375	1	-13.365	-49.591	-12.970	-49.591	000	-6.061	6.061	0.000
658.0	2.0	68.000	171.459	13.551	3	13.560	40.735	12.985	40.736	000	-6.061	6.061	0.000
658.0	2.0	52.000	177.560	30.103	4	30.098	46.221	30.000	46.221	000	6.067	6.061	0.000
658.0	2.0	52.000	177.760	29.928	2	-29.932	-43.879	-30.108	-43.879	000	6.061	6.061	0.000
658.0	2.0	52.000	176.954	29.936	1	-29.930	-46.522	-30.098	-46.522	000	6.061	6.061	0.000
658.0	2.0	52.000	177.561	30.124	3	30.129	43.781	30.108	43.781	000	6.061	6.061	0.000
658.0	2.0	56.000	176.983	26.968	4	26.962	46.491	30.000	46.491	000	6.061	6.061	0.000
658.0	2.0	56.000	177.098	26.799	2	-26.804	-43.548	-26.974	-43.548	000	6.061	6.061	0.000
658.0	2.0	56.000	176.216	26.810	1	-26.802	-46.891	-26.962	-46.891	000	6.061	6.061	0.000
658.0	2.0	56.000	176.798	26.996	3	27.003	43.399	26.974	43.399	000	6.061	6.061	0.000
658.0	2.0	60.000	176.149	23.258	4	23.251	46.884	30.000	46.884	000	6.061	6.061	0.000
658.0	2.0	60.000	176.165	23.105	2	-23.112	-43.082	-23.265	-43.081	000	6.061	6.061	0.000
658.0	2.0	60.000	175.175	23.111	1	-23.103	-47.412	-23.251	-47.412	000	6.061	6.061	0.000
658.0	2.0	60.000	175.757	23.301	3	23.309	42.879	23.264	42.879	000	6.061	6.061	0.000
658.0	2.0	64.000	174.846	18.770	4	18.763	47.501	30.000	47.501	000	6.061	6.061	0.000
658.0	2.0	64.000	174.646	18.696	2	-18.704	-42.323	-18.778	-42.322	000	6.061	6.061	0.000
658.0	2.0	64.000	173.591	18.703	1	-18.694	-48.204	-18.763	-48.204	000	6.061	6.061	0.000
658.0	2.0	64.000	174.161	18.889	3	18.897	42.081	18.778	42.081	000	6.061	6.061	0.000
658.0	2.0	68.000	172.350	13.080	4	13.072	48.684	30.000	48.683	000	6.061	6.061	0.000
658.0	2.0	68.000	171.695	13.381	2	-13.389	-40.851	-13.088	-40.851	000	6.061	6.061	0.000
658.0	2.0	68.000	170.557	13.385	1	-13.375	-49.725	-13.072	-49.725	000	6.061	6.061	0.000
658.0	2.0	68.000	171.181	13.571	3	13.581	40.596	13.088	40.596	000	6.061	6.061	0.000
658.0	2.0	52.000	177.641	30.095	4	30.090	46.180	30.000	46.180	000	18.189	6.061	0.000
658.0	2.0	52.000	177.861	29.920	2	-29.924	-43.930	-30.100	-43.930	000	18.183	6.061	0.000
658.0	2.0	52.000	177.038	29.940	1	-29.933	-46.480	-30.090	-46.481	000	18.183	6.061	0.000
658.0	2.0	52.000	177.644	30.122	3	30.127	43.822	30.100	43.822	000	18.183	6.061	0.000
658.0	2.0	56.000	177.093	26.972	4	26.966	46.436	30.000	46.436	000	18.183	6.061	0.000
658.0	2.0	56.000	177.213	26.794	2	-26.799	-43.605	-26.978	-43.605	000	18.183	6.061	0.000
658.0	2.0	56.000	176.304	26.804	1	-26.797	-46.847	-26.966	-46.847	000	18.183	6.061	0.000
658.0	2.0	56.000	176.902	26.991	3	26.997	43.451	26.977	43.451	000	18.183	6.061	0.000
658.0	2.0	60.000	176.292	23.252	4	23.246	46.813	30.000	46.813	000	18.183	6.061	0.000
658.0	2.0	60.000	176.310	23.103	2	-23.109	-43.154	-23.259	-43.154	000	18.183	6.061	0.000
658.0	2.0	60.000	175.299	23.108	1	-23.100	-47.349	-23.246	-47.349	000	18.183	6.061	0.000
658.0	2.0	60.000	175.882	23.297	3	23.304	42.941	23.259	42.941	000	18.183	6.061	0.000
658.0	2.0	64.000	175.020	18.763	4	18.756	47.414	30.000	47.414	000	18.183	6.061	0.000
658.0	2.0	64.000	174.843	18.692	2	-18.700	-42.421	-18.770	-42.421	000	18.183	6.061	0.000
658.0	2.0	64.000	173.774	18.696	1	-18.687	-48.113	-18.756	-48.113	000	18.183	6.061	0.000
658.0	2.0	64.000	174.334	18.884	3	18.892	42.168	18.770	42.168	000	18.183	6.061	0.000
658.0	2.0	68.000	172.612	13.074	4	13.066	48.552	30.000	48.553	000	18.183	6.061	0.000
658.0	2.0	68.000	171.947	13.377	2	-13.386	-40.977	-13.081	-40.976	000	18.183	6.061	0.000
658.0	2.0	68.000	170.806	13.376	1	-13.366	-49.600	-13.066	-49.600	000	18.183	6.061	0.000
658.0	2.0	68.000	171.438	13.562	3	13.572	40.724	13.082	40.724	000	18.183	6.061	0.000
658.0	2.0	52.000	177.472	30.096	4	30.091	46.264	30.000	46.264	000	30.310	6.061	0.000
658.0	2.0	52.000	177.691	29.927	2	-29.932	-43.844	-30.101	-43.844	000	30.305	6.061	0.000
658.0	2.0	52.000	176.842	29.937	1	-29.931	-46.578	-30.091	-46.578	000	30.305	6.061	0.000
658.0	2.0	52.000	177.476	30.118	3	30.123	43.738	30.101	43.738	000	30.305	6.061	0.000
658.0	2.0	56.000	176.867	26.971	4	26.965	46.549	30.000	46.549	000	30.305	6.061	0.000
658.0	2.0	56.000	176.983	26.798	2	-26.804	-43.491	-26.977	-43.490	000	30.305	6.061	0.000
658.0	2.0	56.000	176.095	26.807	1	-26.799	-46.951	-26.966	-46.951	000	30.305	6.061	0.000
658.0	2.0	56.000	176.681	26.993	3	27.000	43.340	26.977	43.341	000	30.305	6.061	0.000
658.0	2.0	60.000	176.002	23.252	4	23.245	46.958	30.000	46.958	000	30.305	6.061	0.000
658.0	2.0	60.000	176.025	23.104	2	-23.111	-43.011	-23.259	-43.011	000	30.305	6.061	0.000
658.0	2.0	60.000	175.015	23.112	1	-23.103	-47.492	-23.245	-47.492	000	30.305	6.061	0.000
658.0	2.0	60.000	175.592	23.299	3	23.306	42.796	23.259	42.797	000	30.305	6.061	0.000
658.0	2.0	64.000	174.630	18.768	4	18.760	47.609	30.000	47.609	000	30.305	6.061	0.000
658.0	2.0	64.000	174.435	18.698	2	-18.706	-42.217	-18.775	-42.217	000	30.305	6.061	0.000
658.0	2.0	64.000	173.343	18.700	1	-18.690	-48.328	-18.760	-48.328	000	30.305	6.061	0.000
658.0	2.0	64.000	173.930	18.894	3	18.903	41.966	18.776	41.966	000	30.305	6.061	0.000
658.0	2.0	68.000	171.979	13.040	4	13.032	48.868	30.000	48.868	000	30.305	6.061	0.000
658.0	2.0	68.000	171.300	13.389	2	-13.398	-40.654	-13.048	-40.654	000	30.305	6.061	0.000
658.0	2.0	68.000	170.146	13.388	1	-13.378	-49.931	-13.032	-49.931	000	30.305	6.061	0.000
658.0	2.0	68.000	170.799	13.567	3	13.577	40.405	13.048	40.405	000	30.305	6.061	0.000
658.0	2.0	52.000	177.612	30.091	4	30.086	46.194	30.000	46.194	000	-30.306	18.183	0.000
658.0	2.0	52.000	177.821	29.927	2	-29.931	-43.910	-30.096	-43.910	000	-30.305	18.183	0.000
658.0	2.0	52.000	176.996	29.933	1	-29.927	-46.501	-30.086	-46.501	000	-30.305	18.183	0.000
658.0	2.0	52.000	177.610	30.116	3	30.121	43.805	30.096	43.805	000	-30.305	18.183	0.000
658.0	2.0	56.000	177.053	26.964	4	26.958	46.456	30.000	46.456	000	-30.305	18.183	0.000
658.0	2.0	56.000	177.182	26.794	2	-26.799	-43.590	-26.970	-43.590	000	-30.305	18.183	0.000
658.0	2.0	56.000	176.286	26.806	1	-26.799	-46.856	-26.958	-46.856	000	-30.305	18.183	0.000
658.0	2.0	56.000	176.872	26.989	3	26.995	43.436	26.969	43.436	000	-30.305	18.183	0.000
658.0	2.0	60.000	176.242	23.242	4	23.236	46.838	30.000	46.838	000	-30.305	18.183	0.000
658.0	2.0	60.000	176.273	23.105	2	-23.111	-43.135	-23.249	-43.135	000	-30.305	18.183	0.000
658.0	2.0	60.000	175.277	23.112	1	-23.104	-47.361	-23.236	-47.361	000	-30.305	18.183	0.000
658.0	2.0	60.000	175.852	23.291	3	23.298	42.926	23.249	42.926	000	-30.305	18.183	0.000
658.0	2.0	64.000	174.958	18.760	4	18.752	47.445	30.000	47.445	000	-30.305	18.183	0.000
658.0	2.0	64.000	174.774	18.691	2	-18.699	-42.386	-18.767	-42.387	000	-30.305	18.183	0.000
658.0	2.0	64.000	173.715	18.700	1	-18.690	-48.142	-18.752	-48.142	000	-30.305	18.183	0.000
658.0	2.0	64.000	174.289	18.876	3	18.884	42.145	18.767	42.145	000	-30.305	18.183	0.000
658.0	2.0	68.000	172.532	12.985	4	12.977	48.591	30.000	48.591	000	-30.305	18.183	0.000
658.0	2.0	68.000	171.875	13.373	2	-13.382	-40.942	-12.993	-40.942	000	-30.305	18.183	0.000
658.0	2.0	68.000	170.760	13.377	1	-13.367	-49.624	-12.977	-49.624	000	-30.305	18.183	0.000
658.0	2.0	68.000	171.380	13.556	3	13.566	40.696	12.992	40.696	000	-30.305	18.183	0.000
658.0	2.0	52.000	177.621	30.094	4	30.089	46.190	30.000	46.190	000	-18.183	18.183	0.000
658.0	2.0	52.000	177.829	29.925	2	-29.930	-43.914	-30.099	-43.914	000	-18.183	18.183	0.000
658.0	2.0	52.000	177.021	29.935	1	-29.929	-46.489	-30.089	-46.489	000	-18.183	18.183	0.000
658.0	2.0	52.000	177.624	30.119	3	30.124	43.812	30.099	43.812	000	-18.183	18.183	0.000
658.0	2.0	56.000	177.066	26.969	4	26.963	46.450	30.000	46.450	000	-18.183	18.183	0.000
658.0	2.0	56.000	177.183	26.799	2	-26.804	-43.590	-26.975	-43.590	000	-18.183	18.183	0.000
658.0	2.0	56.000	176.299	26.804	1	-26.797	-46.850	-26.963	-46.850	000	-18.183	18.183	0.000
658.0	2.0	56.000	176.882	26.990	3	26.996	43.441	26.974	43.441	000	-18.183	18.183	0.000
658.0	2.0	60.000	176.249	23.246	4	23.240	46.834	30.000	46.834	000	-18.183	18.183	0.000
658.0	2.0	60.000	176.289	23.100	2	-23.107	-43.143	-23.252	-43.143	000	-18.183	18.183	0.000
658.0	2.0	60.000	175.290	23.107	1	-23.098	-47.354	-23.240	-47.354	000	-18.183	18.183	0.000
658.0	2.0	60.000	175.853	23.297	3	23.305	42.927	23.253	42.927	000	-18.183	18.183	0.000
658.0	2.0	64.000	174.978	18.761	4	18.754	47.435	30.000	47.435	000	-18.183	18.183	0.000
658.0	2.0	64.000	174.788	18.691	2	-18.699	-42.394	-18.769	-42.394	000	-18.183	18.183	0.000
658.0	2.0	64.000	173.715	18.698	1	-18.689	-48.142	-18.754	-48.142	000	-18.183	18.183	0.000
658.0	2.0	64.000	174.292	18.884	3	18.892	42.147	18.768	42.147	000	-18.183	18.183	0.000
658.0	2.0	68.000	172.539	13.045	4	13.037	48.589	30.000	48.589	000	-18.183	18.183	0.000
658.0	2.0	68.000	171.882	13.380	2	-13.389	-40.944	-13.053	-40.944	000	-18.183	18.183	0.000
658.0	2.0	68.000	170.758	13.378	1	-13.368	-49.625	-13.037	-49.624	000	-18.183	18.183	0.000
658.0	2.0	68.000	171.380	13.558	3	13.567	40.695	13.053	40.696	000	-18.183	18.183	0.000
658.0	2.0	52.000	177.591	30.097	4	30.092	46.205	30.000	46.205	000	-6.061	18.183	0.000
658.0	2.0	52.000	177.804	29.925	2	-29.929	-43.901	-30.103	-43.901	000	-6.061	18.183	0.000
658.0	2.0	52.000	176.991	29.936	1	-29.930	-46.504	-30.093	-46.504	000	-6.061	18.183	0.000
658.0	2.0	52.000	177.597	30.109	3	30.114	43.799	30.102	43.799	000	-6.061	18.183	0.000
658.0	2.0	56.000	177.023	26.970	4	26.965	46.471	30.000	46.471	000	-6.061	18.183	0.000
658.0	2.0	56.000	177.154	26.795	2	-26.800	-43.576	-26.976	-43.576	000	-6.061	18.183	0.000
658.0	2.0	56.000	176.274	26.807	1	-26.800	-46.862	-26.965	-46.862	000	-6.061	18.183	0.000
658.0	2.0	56.000	176.838	26.997	3	27.003	43.419	26.976	43.419	000	-6.061	18.183	0.000
658.0	2.0	60.000	176.206	23.249	4	23.243	46.856	30.000	46.856	000	-6.061	18.183	0.000
658.0	2.0	60.000	176.231	23.100	2	-23.107	-43.114	-23.256	-43.114	000	-6.061	18.183	0.000
658.0	2.0	60.000	175.235	23.104	1	-23.096	-47.381	-23.242	-47.381	000	-6.061	18.183	0.000
658.0	2.0	60.000	175.806	23.297	3	23.304	42.903	23.256	42.903	000	-6.061	18.183	0.000
658.0	2.0	64.000	174.906	18.777	4	18.770	47.471	30.000	47.471	000	-6.061	18.183	0.000
658.0	2.0	64.000	174.722	18.692	2	-18.700	-42.360	-18.785	-42.361	000	-6.061	18.183	0.000
658.0	2.0	64.000	173.662	18.693	1	-18.684	-48.168	-18.770	-48.168	000	-6.061	18.183	0.000
658.0	2.0	64.000	174.230	18.880	3	18.888	42.116	18.785	42.116	000	-6.061	18.183	0.000
658.0	2.0	68.000	172.433	12.963	4	12.955	48.641	30.000	48.640	000	-6.061	18.183	0.000
658.0	2.0	68.000	171.780	13.377	2	-13.386	-40.894	-12.971	-40.894	000	-6.061	18.183	0.000
658.0	2.0	68.000	170.628	13.380	1	-13.370	-49.690	-12.955	-49.690	000	-6.061	18.183	0.000
658.0	2.0	68.000	171.285	13.555	3	13.565	40.649	12.971	40.649	000	-6.061	18.183	0.000
658.0	2.0	52.000	177.600	30.101	4	30.096	46.201	30.000	46.201	000	6.062	18.183	0.000
658.0	2.0	52.000	177.807	29.925	2	-29.930	-43.903	-30.106	-43.903	000	6.061	18.183	0.000
658.0	2.0	52.000	176.998	29.930	1	-29.924	-46.500	-30.096	-46.500	000	6.061	18.183	0.000
658.0	2.0	52.000	177.608	30.117	3	30.122	43.804	30.106	43.804	000	6.061	18.183	0.000
658.0	2.0	56.000	177.036	26.965	4	26.959	46.465	30.000	46.465	000	6.061	18.183	0.000
658.0	2.0	56.000	177.165	26.795	2	-26.801	-43.581	-26.970	-43.581	000	6.061	18.183	0.000
658.0	2.0	56.000	176.285	26.801	1	-26.793	-46.857	-26.959	-46.857	000	6.061	18.183	0.000
658.0	2.0	56.000	176.861	26.992	3	26.998	43.431	26.970	43.431	000	6.061	18.183	0.000
658.0	2.0	60.000	176.224	23.250	4	23.244	46.847	30.000	46.847	000	6.061	18.183	0.000
658.0	2.0	60.000	176.253	23.095	2	-23.102	-43.126	-23.256	-43.126	000	6.061	18.183	0.000
658.0	2.0	60.000	175.263	23.106	1	-23.098	-47.368	-23.244	-47.368	000	6.061	18.183	0.000
658.0	2.0	60.000	175.825	23.297	3	23.304	42.913	23.257	42.913	000	6.061	18.183	0.000
658.0	2.0	64.000	174.934	18.764	4	18.757	47.457	30.000	47.457	000	6.061	18.183	0.000
658.0	2.0	64.000	174.754	18.687	2	-18.694	-42.377	-18.772	-42.376	000	6.061	18.183	0.000
658.0	2.0	64.000	173.690	18.696	1	-18.687	-48.154	-18.757	-48.154	000	6.061	18.183	0.000
658.0	2.0	64.000	174.261	18.888	3	18.897	42.132	18.772	42.132	000	6.061	18.183	0.000
658.0	2.0	68.000	172.480	13.092	4	13.084	48.619	30.000	48.619	000	6.061	18.183	0.000
658.0	2.0	68.000	171.818	13.378	2	-13.386	-40.912	-13.100	-40.912	000	6.061	18.183	0.000
658.0	2.0	68.000	170.687	13.383	1	-13.373	-49.660	-13.084	-49.660	000	6.061	18.183	0.000
658.0	2.0	68.000	171.312	13.555	3	13.564	40.661	13.100	40.661	000	6.061	18.183	0.000
658.0	2.0	52.000	177.534	30.096	4	30.091	46.234	30.000	46.234	000	18.183	18.183	0.000
658.0	2.0	52.000	177.756	29.928	2	-29.933	-43.877	-30.101	-43.877	000	18.183	18.183	0.000
658.0	2.0	52.000	176.941	29.942	1	-29.936	-46.529	-30.091	-46.529	000	18.183	18.183	0.000
658.0	2.0	52.000	177.540	30.117	3	30.123	43.770	30.101	43.770	000	18.183	18.183	0.000
658.0	2.0	56.000	176.967	26.964	4	26.958	46.499	30.000	46.499	000	18.183	18.183	0.000
658.0	2.0	56.000	177.090	26.796	2	-26.801	-43.544	-26.970	-43.544	000	18.183	18.183	0.000
658.0	2.0	56.000	176.192	26.811	1	-26.804	-46.903	-26.958	-46.903	000	18.183	18.183	0.000
658.0	2.0	56.000	176.777	26.994	3	27.000	43.389	26.970	43.389	000	18.183	18.183	0.000
658.0	2.0	60.000	176.135	23.252	4	23.246	46.892	30.000	46.892	000	18.183	18.183	0.000
658.0	2.0	60.000	176.159	23.106	2	-23.112	-43.079	-23.259	-43.079	000	18.183	18.183	0.000
658.0	2.0	60.000	175.172	23.113	1	-23.105	-47.413	-23.245	-47.413	000	18.183	18.183	0.000
658.0	2.0	60.000	175.736	23.299	3	23.306	42.868	23.259	42.869	000	18.183	18.183	0.000
658.0	2.0	64.000	174.831	18.772	4	18.764	47.509	30.000	47.509	000	18.183	18.183	0.000
658.0	2.0	64.000	174.650	18.698	2	-18.705	-42.324	-18.779	-42.324	000	18.183	18.183	0.000
658.0	2.0	64.000	173.593	18.697	1	-18.688	-48.203	-18.764	-48.203	000	18.183	18.183	0.000
658.0	2.0	64.000	174.158	18.880	3	18.889	42.080	18.779	42.080	000	18.183	18.183	0.000
658.0	2.0	68.000	172.347	13.018	4	13.010	48.684	30.000	48.684	000	18.183	18.183	0.000
658.0	2.0	68.000	171.688	13.383	2	-13.392	-40.848	-13.026	-40.848	000	18.183	18.183	0.000
658.0	2.0	68.000	170.564	13.389	1	-13.379	-49.722	-13.010	-49.722	000	18.183	18.183	0.000
658.0	2.0	68.000	171.195	13.558	3	13.567	40.603	13.026	40.603	000	18.183	18.183	0.000
658.0	2.0	52.000	177.507	30.098	4	30.093	46.247	30.000	46.247	000	30.310	18.183	0.000
658.0	2.0	52.000	177.726	29.925	2	-29.930	-43.862	-30.103	-43.862	000	30.305	18.183	0.000
658.0	2.0	52.000	176.914	29.931	1	-29.925	-46.542	-30.093	-46.542	000	30.305	18.183	0.000
658.0	2.0	52.000	177.525	30.122	3	30.127	43.763	30.103	43.762	000	30.305	18.183	0.000
658.0	2.0	56.000	176.923	26.975	4	26.970	46.521	30.000	46.521	000	30.305	18.183	0.000
658.0	2.0	56.000	177.050	26.795	2	-26.801	-43.524	-26.981	-43.524	000	30.305	18.183	0.000
658.0	2.0	56.000	176.175	26.805	1	-26.797	-46.912	-26.969	-46.912	000	30.305	18.183	0.000
658.0	2.0	56.000	176.746	26.995	3	27.002	43.373	26.981	43.373	000	30.305	18.183	0.000
658.0	2.0	60.000	176.066	23.256	4	23.249	46.926	30.000	46.926	000	30.305	18.183	0.000
658.0	2.0	60.000	176.090	23.105	2	-23.111	-43.044	-23.263	-43.044	000	30.305	18.183	0.000
658.0	2.0	60.000	175.106	23.107	1	-23.098	-47.446	-23.249	-47.446	000	30.305	18.183	0.000
658.0	2.0	60.000	175.682	23.303	3	23.311	42.841	23.263	42.841	000	30.305	18.183	0.000
658.0	2.0	64.000	174.709	18.770	4	18.762	47.570	30.000	47.570	000	30.305	18.183	0.000
658.0	2.0	64.000	174.526	18.695	2	-18.703	-42.263	-18.778	-42.263	000	30.305	18.183	0.000
658.0	2.0	64.000	173.476	18.703	1	-18.693	-48.261	-18.762	-48.261	000	30.305	18.183	0.000
658.0	2.0	64.000	174.041	18.882	3	18.891	42.022	18.777	42.021	000	30.305	18.183	0.000
658.0	2.0	68.000	172.126	13.074	4	13.066	48.796	30.000	48.796	000	30.305	18.183	0.000
658.0	2.0	68.000	171.492	13.383	2	-13.392	-40.749	-13.082	-40.749	000	30.305	18.183	0.000
658.0	2.0	68.000	170.367	13.388	1	-13.378	-49.820	-13.065	-49.819	000	30.305	18.183	0.000
658.0	2.0	68.000	170.987	13.572	3	13.582	40.499	13.082	40.499	000	30.305	18.183	0.000
658.0	2.0	52.000	177.456	30.091	4	30.086	46.273	30.000	46.273	000	-18.183	30.305	0.000
658.0	2.0	52.000	177.672	29.933	2	-29.937	-43.835	-30.096	-43.835	000	-18.183	30.305	0.000
658.0	2.0	52.000	176.870	29.940	1	-29.934	-46.564	-30.086	-46.564	000	-18.183	30.305	0.000
658.0	2.0	52.000	177.463	30.114	3	30.119	43.731	30.096	43.731	000	-18.183	30.305	0.000
658.0	2.0	56.000	176.859	26.967	4	26.961	46.553	30.000	46.553	000	-18.183	30.305	0.000
658.0	2.0	56.000	176.986	26.804	2	-26.810	-43.492	-26.973	-43.492	000	-18.183	30.305	0.000
658.0	2.0	56.000	176.106	26.814	1	-26.806	-46.946	-26.961	-46.946	000	-18.183	30.305	0.000
658.0	2.0	56.000	176.677	26.989	3	26.995	43.339	26.973	43.339	000	-18.183	30.305	0.000
658.0	2.0	60.000	175.990	23.256	4	23.250	46.964	30.000	46.964	000	-18.183	30.305	0.000
658.0	2.0	60.000	176.028	23.106	2	-23.113	-43.013	-23.263	-43.013	000	-18.183	30.305	0.000
658.0	2.0	60.000	175.028	23.110	1	-23.102	-47.485	-23.249	-47.485	000	-18.183	30.305	0.000
658.0	2.0	60.000	175.597	23.293	3	23.301	42.799	23.263	42.799	000	-18.183	30.305	0.000
658.0	2.0	64.000	174.617	18.758	4	18.750	47.616	30.000	47.616	000	-18.183	30.305	0.000
658.0	2.0	64.000	174.438	18.696	2	-18.704	-42.219	-18.766	-42.219	000	-18.183	30.305	0.000
658.0	2.0	64.000	173.390	18.704	1	-18.695	-48.305	-18.750	-48.305	000	-18.183	30.305	0.000
658.0	2.0	64.000	173.950	18.885	3	18.894	41.976	18.766	41.976	000	-18.183	30.305	0.000
658.0	2.0	68.000	172.010	12.950	4	12.942	48.852	30.000	48.852	000	-18.183	30.305	0.000
658.0	2.0	68.000	171.371	13.387	2	-13.396	-40.690	-12.958	-40.690	000	-18.183	30.305	0.000
658.0	2.0	68.000	170.235	13.397	1	-13.386	-49.887	-12.942	-49.888	000	-18.183	30.305	0.000
658.0	2.0	68.000	170.866	13.563	3	13.573	40.439	12.958	40.439	000	-18.183	30.305	0.000
658.0	2.0	52.000	177.549	30.094	4	30.089	46.226	30.000	46.226	000	-6.061	30.305	0.000
658.0	2.0	52.000	177.763	29.922	2	-29.927	-43.880	-30.099	-43.880	000	-6.061	30.305	0.000
658.0	2.0	52.000	176.954	29.930	1	-29.924	-46.522	-30.089	-46.522	000	-6.061	30.305	0.000
658.0	2.0	52.000	177.563	30.118	3	30.123	43.781	30.099	43.781	000	-6.061	30.305	0.000
658.0	2.0	56.000	176.975	26.970	4	26.965	46.495	30.000	46.495	000	-6.061	30.305	0.000
658.0	2.0	56.000	177.102	26.794	2	-26.800	-43.550	-26.976	-43.550	000	-6.061	30.305	0.000
658.0	2.0	56.000	176.211	26.802	1	-26.794	-46.894	-26.965	-46.894	000	-6.061	30.305	0.000
658.0	2.0	56.000	176.798	26.987	3	26.994	43.399	26.976	43.399	000	-6.061	30.305	0.000
658.0	2.0	60.000	176.139	23.242	4	23.236	46.890	30.000	46.890	000	-6.061	30.305	0.000
658.0	2.0	60.000	176.173	23.100	2	-23.106	-43.086	-23.249	-43.085	000	-6.061	30.305	0.000
658.0	2.0	60.000	175.177	23.105	1	-23.096	-47.410	-23.236	-47.410	000	-6.061	30.305	0.000
658.0	2.0	60.000	175.747	23.295	3	23.302	42.874	23.249	42.874	000	-6.061	30.305	0.000
658.0	2.0	64.000	174.807	18.765	4	18.757	47.521	30.000	47.521	000	-6.061	30.305	0.000
658.0	2.0	64.000	174.643	18.691	2	-18.699	-42.321	-18.772	-42.321	000	-6.061	30.305	0.000
658.0	2.0	64.000	173.576	18.696	1	-18.687	-48.212	-18.757	-48.212	000	-6.061	30.305	0.000
658.0	2.0	64.000	174.151	18.880	3	18.889	42.077	18.773	42.077	000	-6.061	30.305	0.000
658.0	2.0	68.000	172.265	13.037	4	13.029	48.726	30.000	48.726	000	-6.061	30.305	0.000
658.0	2.0	68.000	171.640	13.380	2	-13.389	-40.824	-13.045	-40.824	000	-6.061	30.305	0.000
658.0	2.0	68.000	170.517	13.385	1	-13.374	-49.745	-13.029	-49.745	000	-6.061	30.305	0.000
658.0	2.0	68.000	171.136	13.557	3	13.567	40.574	13.045	40.574	000	-6.061	30.305	0.000
658.0	2.0	52.000	187.962	29.912	4	29.929	41.018	30.000	41.019	000	6.062	30.305	0.000
658.0	2.0	52.000	177.805	29.923	2	-29.927	-43.903	-29.896	-43.903	000	6.061	30.305	0.000
658.0	2.0	52.000	177.095	29.934	1	-29.928	-46.452	-29.929	-46.452	000	6.061	30.305	0.000
658.0	2.0	52.000	177.555	30.119	3	30.124	43.779	29.896	43.779	000	6.061	30.305	0.000
658.0	2.0	56.000	177.002	26.972	4	26.967	46.482	30.000	46.482	000	6.061	30.305	0.000
658.0	2.0	56.000	177.147	26.793	2	-26.798	-43.572	-26.978	-43.573	000	6.061	30.305	0.000
658.0	2.0	56.000	176.256	26.805	1	-26.797	-46.871	-26.967	-46.872	000	6.061	30.305	0.000
658.0	2.0	56.000	176.829	26.993	3	26.999	43.415	26.978	43.414	000	6.061	30.305	0.000
658.0	2.0	60.000	176.186	23.254	4	23.247	46.866	30.000	46.866	000	6.061	30.305	0.000
658.0	2.0	60.000	176.215	23.095	2	-23.102	-43.107	-23.260	-43.106	000	6.061	30.305	0.000
658.0	2.0	60.000	175.216	23.105	1	-23.096	-47.391	-23.247	-47.391	000	6.061	30.305	0.000
658.0	2.0	60.000	175.799	23.296	3	23.304	42.900	23.260	42.900	000	6.061	30.305	0.000
658.0	2.0	64.000	174.869	18.760	4	18.753	47.490	30.000	47.489	000	6.061	30.305	0.000
658.0	2.0	64.000	174.710	18.687	2	-18.694	-42.354	-18.767	-42.355	000	6.061	30.305	0.000
658.0	2.0	64.000	173.655	18.691	1	-18.681	-48.172	-18.752	-48.172	000	6.061	30.305	0.000
658.0	2.0	64.000	174.219	18.878	3	18.886	42.110	18.768	42.111	000	6.061	30.305	0.000
658.0	2.0	68.000	172.359	12.976	4	12.968	48.678	30.000	48.678	000	6.061	30.305	0.000
658.0	2.0	68.000	171.749	13.376	2	-13.385	-40.879	-12.984	-40.879	000	6.061	30.305	0.000
658.0	2.0	68.000	170.627	13.379	1	-13.369	-49.691	-12.968	-49.691	000	6.061	30.305	0.000
658.0	2.0	68.000	171.256	13.555	3	13.564	40.634	12.984	40.634	000	6.061	30.305	0.000
658.0	2.0	52.000	177.589	30.094	4	30.089	46.206	30.000	46.206	000	18.183	30.305	0.000
658.0	2.0	52.000	177.804	29.930	2	-29.935	-43.901	-30.099	-43.901	000	18.183	30.305	0.000
658.0	2.0	52.000	176.992	29.938	1	-29.932	-46.503	-30.089	-46.503	000	18.183	30.305	0.000
658.0	2.0	52.000	177.598	30.115	3	30.120	43.799	30.099	43.799	000	18.183	30.305	0.000
658.0	2.0	56.000	177.022	26.968	4	26.963	46.472	30.000	46.472	000	18.183	30.305	0.000
658.0	2.0	56.000	177.163	26.799	2	-26.804	-43.580	-26.974	-43.580	000	18.183	30.305	0.000
658.0	2.0	56.000	176.266	26.808	1	-26.800	-46.866	-26.963	-46.866	000	18.183	30.305	0.000
658.0	2.0	56.000	176.842	26.986	3	26.992	43.421	26.974	43.421	000	18.183	30.305	0.000
658.0	2.0	60.000	176.204	23.242	4	23.236	46.857	30.000	46.857	000	18.183	30.305	0.000
658.0	2.0	60.000	176.261	23.101	2	-23.107	-43.130	-23.249	-43.130	000	18.183	30.305	0.000
658.0	2.0	60.000	175.240	23.110	1	-23.101	-47.379	-23.236	-47.379	000	18.183	30.305	0.000
658.0	2.0	60.000	175.812	23.294	3	23.301	42.906	23.249	42.906	000	18.183	30.305	0.000
658.0	2.0	64.000	174.908	18.760	4	18.753	47.470	30.000	47.471	000	18.183	30.305	0.000
658.0	2.0	64.000	174.742	18.695	2	-18.702	-42.371	-18.767	-42.371	000	18.183	30.305	0.000
658.0	2.0	64.000	173.664	18.700	1	-18.691	-48.168	-18.752	-48.168	000	18.183	30.305	0.000
658.0	2.0	64.000	174.240	18.875	3	18.884	42.121	18.767	42.121	000	18.183	30.305	0.000
658.0	2.0	68.000	172.423	13.074	4	13.066	48.647	30.000	48.647	000	18.183	30.305	0.000
658.0	2.0	68.000	171.813	13.384	2	-13.393	-40.910	-13.082	-40.910	000	18.183	30.305	0.000
658.0	2.0	68.000	170.665	13.387	1	-13.377	-49.671	-13.066	-49.671	000	18.183	30.305	0.000
658.0	2.0	68.000	171.291	13.554	3	13.564	40.651	13.082	40.651	000	18.183	30.305	0.000
658.0	2.0	52.000	177.270	30.031	0	NaN	NaN	NaN	NaN	000	-18.183	-30.305	0.000
658.0	2.0	56.000	176.535	26.902	0	NaN	NaN	NaN	NaN	000	-18.183	-30.305	0.000
658.0	2.0	60.000	175.514	23.201	0	NaN	NaN	NaN	NaN	000	-18.183	-30.305	0.000
658.0	2.0	64.000	173.904	18.776	0	NaN	NaN	NaN	NaN	000	-18.183	-30.305	0.000
658.0	2.0	68.000	170.850	13.364	0	NaN	NaN	NaN	NaN	000	-18.183	-30.305	0.000
658.0	2.0	52.000	177.468	30.015	0	NaN	NaN	NaN	NaN	000	-6.061	-30.305	0.000
658.0	2.0	56.000	176.793	26.887	0	NaN	NaN	NaN	NaN	000	-6.061	-30.305	0.000
658.0	2.0	60.000	175.842	23.185	0	NaN	NaN	NaN	NaN	000	-6.061	-30.305	0.000
658.0	2.0	64.000	174.352	18.755	0	NaN	NaN	NaN	NaN	000	-6.061	-30.305	0.000
658.0	2.0	68.000	171.479	13.357	0	NaN	NaN	NaN	NaN	000	-6.061	-30.305	0.000
658.0	2.0	52.000	177.467	30.015	0	NaN	NaN	NaN	NaN	000	6.061	-30.305	0.000
658.0	2.0	56.000	176.784	26.890	0	NaN	NaN	NaN	NaN	000	6.061	-30.305	0.000
658.0	2.0	60.000	175.823	23.189	0	NaN	NaN	NaN	NaN	000	6.061	-30.305	0.000
658.0	2.0	64.000	174.320	18.760	0	NaN	NaN	NaN	NaN	000	6.061	-30.305	0.000
658.0	2.0	68.000	171.452	13.348	0	NaN	NaN	NaN	NaN	000	6.061	-30.305	0.000
658.0	2.0	52.000	177.416	30.021	0	NaN	NaN	NaN	NaN	000	18.183	-30.305	0.000
658.0	2.0	56.000	176.728	26.892	0	NaN	NaN	NaN	NaN	000	18.183	-30.305	0.000
658.0	2.0	60.000	175.751	23.190	0	NaN	NaN	NaN	NaN	000	18.183	-30.305	0.000
658.0	2.0	64.000	174.214	18.762	0	NaN	NaN	NaN	NaN	000	18.183	-30.305	0.000
658.0	2.0	68.000	171.287	13.348	0	NaN	NaN	NaN	NaN	000	18.183	-30.305	0.000
658.0	2.0	52.000	177.424	30.017	0	NaN	NaN	NaN	NaN	000	-30.305	-18.183	0.000
658.0	2.0	56.000	176.733	26.889	0	NaN	NaN	NaN	NaN	000	-30.305	-18.183	0.000
658.0	2.0	60.000	175.755	23.189	0	NaN	NaN	NaN	NaN	000	-30.305	-18.183	0.000
658.0	2.0	64.000	174.234	18.761	0	NaN	NaN	NaN	NaN	000	-30.305	-18.183	0.000
658.0	2.0	68.000	171.329	13.357	0	NaN	NaN	NaN	NaN	000	-30.305	-18.183	0.000
658.0	2.0	52.000	177.491	30.017	0	NaN	NaN	NaN	NaN	000	-18.183	-18.183	0.000
658.0	2.0	56.000	176.824	26.888	0	NaN	NaN	NaN	NaN	000	-18.183	-18.183	0.000
658.0	2.0	60.000	175.877	23.186	0	NaN	NaN	NaN	NaN	000	-18.183	-18.183	0.000
658.0	2.0	64.000	174.390	18.753	0	NaN	NaN	NaN	NaN	000	-18.183	-18.183	0.000
658.0	2.0	68.000	171.541	13.332	0	NaN	NaN	NaN	NaN	000	-18.183	-18.183	0.000
658.0	2.0	52.000	177.535	30.019	0	NaN	NaN	NaN	NaN	000	-6.061	-18.183	0.000
658.0	2.0	56.000	176.873	26.886	0	NaN	NaN	NaN	NaN	000	-6.061	-18.183	0.000
658.0	2.0	60.000	175.942	23.189	0	NaN	NaN	NaN	NaN	000	-6.061	-18.183	0.000
658.0	2.0	64.000	174.477	18.758	0	NaN	NaN	NaN	NaN	000	-6.061	-18.183	0.000
658.0	2.0	68.000	171.692	13.337	0	NaN	NaN	NaN	NaN	000	-6.061	-18.183	0.000
658.0	2.0	52.000	177.502	30.018	0	NaN	NaN	NaN	NaN	000	6.061	-18.183	0.000
658.0	2.0	56.000	176.828	26.889	0	NaN	NaN	NaN	NaN	000	6.061	-18.183	0.000
658.0	2.0	60.000	175.891	23.189	0	NaN	NaN	NaN	NaN	000	6.061	-18.183	0.000
658.0	2.0	64.000	174.415	18.758	0	NaN	NaN	NaN	NaN	000	6.061	-18.183	0.000
658.0	2.0	68.000	171.595	13.328	0	NaN	NaN	NaN	NaN	000	6.061	-18.183	0.000
658.0	2.0	52.000	177.542	30.021	0	NaN	NaN	NaN	NaN	000	18.183	-18.183	0.000
658.0	2.0	56.000	176.887	26.892	0	NaN	NaN	NaN	NaN	000	18.183	-18.183	0.000
658.0	2.0	60.000	175.954	23.190	0	NaN	NaN	NaN	NaN	000	18.183	-18.183	0.000
658.0	2.0	64.000	174.497	18.759	0	NaN	NaN	NaN	NaN	000	18.183	-18.183	0.000
658.0	2.0	68.000	171.702	13.344	0	NaN	NaN	NaN	NaN	000	18.183	-18.183	0.000
658.0	2.0	52.000	177.431	30.021	0	NaN	NaN	NaN	NaN	000	30.305	-18.183	0.000
658.0	2.0	56.000	176.745	26.891	0	NaN	NaN	NaN	NaN	000	30.305	-18.183	0.000
658.0	2.0	60.000	175.771	23.190	0	NaN	NaN	NaN	NaN	000	30.305	-18.183	0.000
658.0	2.0	64.000	174.251	18.759	0	NaN	NaN	NaN	NaN	000	30.305	-18.183	0.000
658.0	2.0	68.000	171.337	13.355	0	NaN	NaN	NaN	NaN	000	30.305	-18.183	0.000
658.0	2.0	52.000	177.445	30.018	0	NaN	NaN	NaN	NaN	000	-30.305	-6.061	0.000
658.0	2.0	56.000	176.756	26.888	0	NaN	NaN	NaN	NaN	000	-30.305	-6.061	0.000
658.0	2.0	60.000	175.789	23.188	0	NaN	NaN	NaN	NaN	000	-30.305	-6.061	0.000
658.0	2.0	64.000	174.276	18.762	0	NaN	NaN	NaN	NaN	000	-30.305	-6.061	0.000
658.0	2.0	68.000	171.377	13.342	0	NaN	NaN	NaN	NaN	000	-30.305	-6.061	0.000
658.0	2.0	52.000	177.483	30.015	0	NaN	NaN	NaN	NaN	000	-18.183	-6.061	0.000
658.0	2.0	56.000	176.813	26.890	0	NaN	NaN	NaN	NaN	000	-18.183	-6.061	0.000
658.0	2.0	60.000	175.859	23.185	0	NaN	NaN	NaN	NaN	000	-18.183	-6.061	0.000
658.0	2.0	64.000	174.367	18.758	0	NaN	NaN	NaN	NaN	000	-18.183	-6.061	0.000
658.0	2.0	68.000	171.525	13.351	0	NaN	NaN	NaN	NaN	000	-18.183	-6.061	0.000
658.0	2.0	52.000	177.410	30.016	0	NaN	NaN	NaN	NaN	000	-6.061	-6.061	0.000
658.0	2.0	56.000	176.716	26.886	0	NaN	NaN	NaN	NaN	000	-6.061	-6.061	0.000
658.0	2.0	60.000	175.737	23.184	0	NaN	NaN	NaN	NaN	000	-6.061	-6.061	0.000
658.0	2.0	64.000	174.211	18.757	0	NaN	NaN	NaN	NaN	000	-6.061	-6.061	0.000
658.0	2.0	68.000	171.305	13.346	0	NaN	NaN	NaN	NaN	000	-6.061	-6.061	0.000
658.0	2.0	52.000	177.564	30.016	0	NaN	NaN	NaN	NaN	000	6.061	-6.061	0.000
658.0	2.0	56.000	176.909	26.889	0	NaN	NaN	NaN	NaN	000	6.061	-6.061	0.000
658.0	2.0	60.000	175.994	23.185	0	NaN	NaN	NaN	NaN	000	6.061	-6.061	0.000
658.0	2.0	64.000	174.554	18.750	0	NaN	NaN	NaN	NaN	000	6.061	-6.061	0.000
658.0	2.0	68.000	171.753	13.301	0	NaN	NaN	NaN	NaN	000	6.061	-6.061	0.000
658.0	2.0	52.000	177.554	30.017	0	NaN	NaN	NaN	NaN	000	18.183	-6.061	0.000
658.0	2.0	56.000	176.897	26.889	0	NaN	NaN	NaN	NaN	000	18.183	-6.061	0.000
658.0	2.0	60.000	175.973	23.187	0	NaN	NaN	NaN	NaN	000	18.183	-6.061	0.000
658.0	2.0	64.000	174.533	18.756	0	NaN	NaN	NaN	NaN	000	18.183	-6.061	0.000
658.0	2.0	68.000	171.788	13.341	0	NaN	NaN	NaN	NaN	000	18.183	-6.061	0.000
658.0	2.0	52.000	177.386	30.021	0	NaN	NaN	NaN	NaN	000	30.305	-6.061	0.000
658.0	2.0	56.000	176.679	26.889	0	NaN	NaN	NaN	NaN	000	30.305	-6.061	0.000
658.0	2.0	60.000	175.676	23.191	0	NaN	NaN	NaN	NaN	000	30.305	-6.061	0.000
658.0	2.0	64.000	174.105	18.765	0	NaN	NaN	NaN	NaN	000	30.305	-6.061	0.000
658.0	2.0	68.000	171.090	13.333	0	NaN	NaN	NaN	NaN	000	30.305	-6.061	0.000
658.0	2.0	52.000	177.395	30.018	0	NaN	NaN	NaN	NaN	000	-30.305	6.061	0.000
658.0	2.0	56.000	176.699	26.889	0	NaN	NaN	NaN	NaN	000	-30.305	6.061	0.000
658.0	2.0	60.000	175.726	23.188	0	NaN	NaN	NaN	NaN	000	-30.305	6.061	0.000
658.0	2.0	64.000	174.208	18.756	0	NaN	NaN	NaN	NaN	000	-30.305	6.061	0.000
658.0	2.0	68.000	171.315	13.336	0	NaN	NaN	NaN	NaN	000	-30.305	6.061	0.000
658.0	2.0	52.000	177.577	30.018	0	NaN	NaN	NaN	NaN	000	-18.183	6.061	0.000
658.0	2.0	56.000	176.926	26.888	0	NaN	NaN	NaN	NaN	000	-18.183	6.061	0.000
658.0	2.0	60.000	176.002	23.181	0	NaN	NaN	NaN	NaN	000	-18.183	6.061	0.000
658.0	2.0	64.000	174.564	18.753	0	NaN	NaN	NaN	NaN	000	-18.183	6.061	0.000
658.0	2.0	68.000	171.812	13.338	0	NaN	NaN	NaN	NaN	000	-18.183	6.061	0.000
658.0	2.0	52.000	177.538	30.018	0	NaN	NaN	NaN	NaN	000	-6.061	6.061	0.000
658.0	2.0	56.000	176.876	26.892	0	NaN	NaN	NaN	NaN	000	-6.061	6.061	0.000
658.0	2.0	60.000	175.947	23.189	0	NaN	NaN	NaN	NaN	000	-6.061	6.061	0.000
658.0	2.0	64.000	174.491	18.756	0	NaN	NaN	NaN	NaN	000	-6.061	6.061	0.000
658.0	2.0	68.000	171.724	13.319	0	NaN	NaN	NaN	NaN	000	-6.061	6.061	0.000
658.0	2.0	52.000	177.459	30.023	0	NaN	NaN	NaN	NaN	000	6.061	6.061	0.000
658.0	2.0	56.000	176.774	26.893	0	NaN	NaN	NaN	NaN	000	6.061	6.061	0.000
658.0	2.0	60.000	175.812	23.194	0	NaN	NaN	NaN	NaN	000	6.061	6.061	0.000
658.0	2.0	64.000	174.311	18.765	0	NaN	NaN	NaN	NaN	000	6.061	6.061	0.000
658.0	2.0	68.000	171.446	13.354	0	NaN	NaN	NaN	NaN	000	6.061	6.061	0.000
658.0	2.0	52.000	177.546	30.019	0	NaN	NaN	NaN	NaN	000	18.183	6.061	0.000
658.0	2.0	56.000	176.878	26.890	0	NaN	NaN	NaN	NaN	000	18.183	6.061	0.000
658.0	2.0	60.000	175.946	23.190	0	NaN	NaN	NaN	NaN	000	18.183	6.061	0.000
658.0	2.0	64.000	174.493	18.759	0	NaN	NaN	NaN	NaN	000	18.183	6.061	0.000
658.0	2.0	68.000	171.701	13.347	0	NaN	NaN	NaN	NaN	000	18.183	6.061	0.000
658.0	2.0	52.000	177.370	30.020	0	NaN	NaN	NaN	NaN	000	30.305	6.061	0.000
658.0	2.0	56.000	176.657	26.892	0	NaN	NaN	NaN	NaN	000	30.305	6.061	0.000
658.0	2.0	60.000	175.658	23.192	0	NaN	NaN	NaN	NaN	000	30.305	6.061	0.000
658.0	2.0	64.000	174.084	18.765	0	NaN	NaN	NaN	NaN	000	30.305	6.061	0.000
658.0	2.0	68.000	171.056	13.346	0	NaN	NaN	NaN	NaN	000	30.305	6.061	0.000
658.0	2.0	52.000	177.510	30.017	0	NaN	NaN	NaN	NaN	000	-30.305	18.183	0.000
658.0	2.0	56.000	176.848	26.888	0	NaN	NaN	NaN	NaN	000	-30.305	18.183	0.000
658.0	2.0	60.000	175.911	23.188	0	NaN	NaN	NaN	NaN	000	-30.305	18.183	0.000
658.0	2.0	64.000	174.434	18.757	0	NaN	NaN	NaN	NaN	000	-30.305	18.183	0.000
658.0	2.0	68.000	171.637	13.323	0	NaN	NaN	NaN	NaN	000	-30.305	18.183	0.000
658.0	2.0	52.000	177.524	30.018	0	NaN	NaN	NaN	NaN	000	-18.183	18.183	0.000
658.0	2.0	56.000	176.858	26.890	0	NaN	NaN	NaN	NaN	000	-18.183	18.183	0.000
658.0	2.0	60.000	175.920	23.188	0	NaN	NaN	NaN	NaN	000	-18.183	18.183	0.000
658.0	2.0	64.000	174.443	18.759	0	NaN	NaN	NaN	NaN	000	-18.183	18.183	0.000
658.0	2.0	68.000	171.640	13.340	0	NaN	NaN	NaN	NaN	000	-18.183	18.183	0.000
658.0	2.0	52.000	177.496	30.017	0	NaN	NaN	NaN	NaN	000	-6.061	18.183	0.000
658.0	2.0	56.000	176.822	26.892	0	NaN	NaN	NaN	NaN	000	-6.061	18.183	0.000
658.0	2.0	60.000	175.870	23.188	0	NaN	NaN	NaN	NaN	000	-6.061	18.183	0.000
658.0	2.0	64.000	174.380	18.760	0	NaN	NaN	NaN	NaN	000	-6.061	18.183	0.000
658.0	2.0	68.000	171.531	13.319	0	NaN	NaN	NaN	NaN	000	-6.061	18.183	0.000
658.0	2.0	52.000	177.503	30.018	0	NaN	NaN	NaN	NaN	000	6.061	18.183	0.000
658.0	2.0	56.000	176.837	26.888	0	NaN	NaN	NaN	NaN	000	6.061	18.183	0.000
658.0	2.0	60.000	175.891	23.187	0	NaN	NaN	NaN	NaN	000	6.061	18.183	0.000
658.0	2.0	64.000	174.410	18.759	0	NaN	NaN	NaN	NaN	000	6.061	18.183	0.000
658.0	2.0	68.000	171.574	13.352	0	NaN	NaN	NaN	NaN	000	6.061	18.183	0.000
658.0	2.0	52.000	177.443	30.021	0	NaN	NaN	NaN	NaN	000	18.183	18.183	0.000
658.0	2.0	56.000	176.756	26.891	0	NaN	NaN	NaN	NaN	000	18.183	18.183	0.000
658.0	2.0	60.000	175.801	23.193	0	NaN	NaN	NaN	NaN	000	18.183	18.183	0.000
658.0	2.0	64.000	174.308	18.762	0	NaN	NaN	NaN	NaN	000	18.183	18.183	0.000
658.0	2.0	68.000	171.448	13.337	0	NaN	NaN	NaN	NaN	000	18.183	18.183	0.000
658.0	2.0	52.000	177.418	30.019	0	NaN	NaN	NaN	NaN	000	30.305	18.183	0.000
658.0	2.0	56.000	176.723	26.893	0	NaN	NaN	NaN	NaN	000	30.305	18.183	0.000
658.0	2.0	60.000	175.736	23.193	0	NaN	NaN	NaN	NaN	000	30.305	18.183	0.000
658.0	2.0	64.000	174.188	18.763	0	NaN	NaN	NaN	NaN	000	30.305	18.183	0.000
658.0	2.0	68.000	171.243	13.354	0	NaN	NaN	NaN	NaN	000	30.305	18.183	0.000
658.0	2.0	52.000	177.365	30.019	0	NaN	NaN	NaN	NaN	000	-18.183	30.305	0.000
658.0	2.0	56.000	176.657	26.894	0	NaN	NaN	NaN	NaN	000	-18.183	30.305	0.000
658.0	2.0	60.000	175.661	23.191	0	NaN	NaN	NaN	NaN	000	-18.183	30.305	0.000
658.0	2.0	64.000	174.099	18.761	0	NaN	NaN	NaN	NaN	000	-18.183	30.305	0.000
658.0	2.0	68.000	171.120	13.324	0	NaN	NaN	NaN	NaN	000	-18.183	30.305	0.000
658.0	2.0	52.000	177.457	30.016	0	NaN	NaN	NaN	NaN	000	-6.061	30.305	0.000
658.0	2.0	56.000	176.772	26.888	0	NaN	NaN	NaN	NaN	000	-6.061	30.305	0.000
658.0	2.0	60.000	175.809	23.185	0	NaN	NaN	NaN	NaN	000	-6.061	30.305	0.000
658.0	2.0	64.000	174.294	18.758	0	NaN	NaN	NaN	NaN	000	-6.061	30.305	0.000
658.0	2.0	68.000	171.390	13.340	0	NaN	NaN	NaN	NaN	000	-6.061	30.305	0.000
658.0	2.0	52.000	180.104	29.972	0	NaN	NaN	NaN	NaN	000	6.061	30.305	0.000
658.0	2.0	56.000	176.808	26.891	0	NaN	NaN	NaN	NaN	000	6.061	30.305	0.000
658.0	2.0	60.000	175.854	23.187	0	NaN	NaN	NaN	NaN	000	6.061	30.305	0.000
658.0	2.0	64.000	174.363	18.754	0	NaN	NaN	NaN	NaN	000	6.061	30.305	0.000
658.0	2.0	68.000	171.498	13.322	0	NaN	NaN	NaN	NaN	000	6.061	30.305	0.000
658.0	2.0	52.000	177.496	30.019	0	NaN	NaN	NaN	NaN	000	18.183	30.305	0.000
658.0	2.0	56.000	176.823	26.890	0	NaN	NaN	NaN	NaN	000	18.183	30.305	0.000
658.0	2.0	60.000	175.879	23.187	0	NaN	NaN	NaN	NaN	000	18.183	30.305	0.000
658.0	2.0	64.000	174.388	18.758	0	NaN	NaN	NaN	NaN	000	18.183	30.305	0.000
658.0	2.0	68.000	171.548	13.350	0	NaN	NaN	NaN	NaN	000	18.183	30.305	0.000
658.0	2.0	52.000	0.713	0.195	5	NaN	NaN	NaN	NaN	000	-18.183	-30.305	0.000
658.0	2.0	56.000	0.763	0.188	5	NaN	NaN	NaN	NaN	000	-18.183	-30.305	0.000
658.0	2.0	60.000	0.989	0.187	5	NaN	NaN	NaN	NaN	000	-18.183	-30.305	0.000
658.0	2.0	64.000	1.292	0.195	5	NaN	NaN	NaN	NaN	000	-18.183	-30.305	0.000
658.0	2.0	68.000	1.902	0.502	5	NaN	NaN	NaN	NaN	000	-18.183	-30.305	0.000
658.0	2.0	52.000	0.752	0.198	5	NaN	NaN	NaN	NaN	000	-6.061	-30.305	0.000
658.0	2.0	56.000	0.792	0.191	5	NaN	NaN	NaN	NaN	000	-6.061	-30.305	0.000
658.0	2.0	60.000	0.997	0.191	5	NaN	NaN	NaN	NaN	000	-6.061	-30.305	0.000
658.0	2.0	64.000	1.307	0.192	5	NaN	NaN	NaN	NaN	000	-6.061	-30.305	0.000
658.0	2.0	68.000	1.929	0.436	5	NaN	NaN	NaN	NaN	000	-6.061	-30.305	0.000
658.0	2.0	52.000	0.774	0.191	5	NaN	NaN	NaN	NaN	000	6.061	-30.305	0.000
658.0	2.0	56.000	0.808	0.195	5	NaN	NaN	NaN	NaN	000	6.061	-30.305	0.000
658.0	2.0	60.000	1.004	0.191	5	NaN	NaN	NaN	NaN	000	6.061	-30.305	0.000
658.0	2.0	64.000	1.308	0.186	5	NaN	NaN	NaN	NaN	000	6.061	-30.305	0.000
658.0	2.0	68.000	1.933	0.502	5	NaN	NaN	NaN	NaN	000	6.061	-30.305	0.000
658.0	2.0	52.000	0.777	0.192	5	NaN	NaN	NaN	NaN	000	18.183	-30.305	0.000
658.0	2.0	56.000	0.838	0.196	5	NaN	NaN	NaN	NaN	000	18.183	-30.305	0.000
658.0	2.0	60.000	1.010	0.195	5	NaN	NaN	NaN	NaN	000	18.183	-30.305	0.000
658.0	2.0	64.000	1.313	0.194	5	NaN	NaN	NaN	NaN	000	18.183	-30.305	0.000
658.0	2.0	68.000	1.934	0.537	5	NaN	NaN	NaN	NaN	000	18.183	-30.305	0.000
658.0	2.0	52.000	0.786	0.196	5	NaN	NaN	NaN	NaN	000	-30.305	-18.183	0.000
658.0	2.0	56.000	0.830	0.197	5	NaN	NaN	NaN	NaN	000	-30.305	-18.183	0.000
658.0	2.0	60.000	1.007	0.196	5	NaN	NaN	NaN	NaN	000	-30.305	-18.183	0.000
658.0	2.0	64.000	1.314	0.198	5	NaN	NaN	NaN	NaN	000	-30.305	-18.183	0.000
658.0	2.0	68.000	1.900	0.475	5	NaN	NaN	NaN	NaN	000	-30.305	-18.183	0.000
658.0	2.0	52.000	0.779	0.193	5	NaN	NaN	NaN	NaN	000	-18.183	-18.183	0.000
658.0	2.0	56.000	0.833	0.199	5	NaN	NaN	NaN	NaN	000	-18.183	-18.183	0.000
658.0	2.0	60.000	1.001	0.192	5	NaN	NaN	NaN	NaN	000	-18.183	-18.183	0.000
658.0	2.0	64.000	1.300	0.187	5	NaN	NaN	NaN	NaN	000	-18.183	-18.183	0.000
658.0	2.0	68.000	1.899	0.537	5	NaN	NaN	NaN	NaN	000	-18.183	-18.183	0.000
658.0	2.0	52.000	0.787	0.194	5	NaN	NaN	NaN	NaN	000	-6.061	-18.183	0.000
658.0	2.0	56.000	0.863	0.190	5	NaN	NaN	NaN	NaN	000	-6.061	-18.183	0.000
658.0	2.0	60.000	1.009	0.189	5	NaN	NaN	NaN	NaN	000	-6.061	-18.183	0.000
658.0	2.0	64.000	1.303	0.182	5	NaN	NaN	NaN	NaN	000	-6.061	-18.183	0.000
658.0	2.0	68.000	1.889	0.524	5	NaN	NaN	NaN	NaN	000	-6.061	-18.183	0.000
658.0	2.0	52.000	0.783	0.196	5	NaN	NaN	NaN	NaN	000	6.061	-18.183	0.000
658.0	2.0	56.000	0.848	0.201	5	NaN	NaN	NaN	NaN	000	6.061	-18.183	0.000
658.0	2.0	60.000	1.001	0.197	5	NaN	NaN	NaN	NaN	000	6.061	-18.183	0.000
658.0	2.0	64.000	1.298	0.187	5	NaN	NaN	NaN	NaN	000	6.061	-18.183	0.000
658.0	2.0	68.000	1.873	0.569	5	NaN	NaN	NaN	NaN	000	6.061	-18.183	0.000
658.0	2.0	52.000	0.807	0.194	5	NaN	NaN	NaN	NaN	000	18.183	-18.183	0.000
658.0	2.0	56.000	0.887	0.198	5	NaN	NaN	NaN	NaN	000	18.183	-18.183	0.000
658.0	2.0	60.000	1.020	0.192	5	NaN	NaN	NaN	NaN	000	18.183	-18.183	0.000
658.0	2.0	64.000	1.323	0.192	5	NaN	NaN	NaN	NaN	000	18.183	-18.183	0.000
658.0	2.0	68.000	1.907	0.521	5	NaN	NaN	NaN	NaN	000	18.183	-18.183	0.000
658.0	2.0	52.000	0.807	0.203	5	NaN	NaN	NaN	NaN	000	30.305	-18.183	0.000
658.0	2.0	56.000	0.873	0.202	5	NaN	NaN	NaN	NaN	000	30.305	-18.183	0.000
658.0	2.0	60.000	1.018	0.201	5	NaN	NaN	NaN	NaN	000	30.305	-18.183	0.000
658.0	2.0	64.000	1.313	0.193	5	NaN	NaN	NaN	NaN	000	30.305	-18.183	0.000
658.0	2.0	68.000	1.875	0.489	5	NaN	NaN	NaN	NaN	000	30.305	-18.183	0.000
658.0	2.0	52.000	0.818	0.197	5	NaN	NaN	NaN	NaN	000	-30.305	-6.061	0.000
658.0	2.0	56.000	0.862	0.194	5	NaN	NaN	NaN	NaN	000	-30.305	-6.061	0.000
658.0	2.0	60.000	0.996	0.194	5	NaN	NaN	NaN	NaN	000	-30.305	-6.061	0.000
658.0	2.0	64.000	1.309	0.191	5	NaN	NaN	NaN	NaN	000	-30.305	-6.061	0.000
658.0	2.0	68.000	1.874	0.510	5	NaN	NaN	NaN	NaN	000	-30.305	-6.061	0.000
658.0	2.0	52.000	0.799	0.189	5	NaN	NaN	NaN	NaN	000	-18.183	-6.061	0.000
658.0	2.0	56.000	0.872	0.198	5	NaN	NaN	NaN	NaN	000	-18.183	-6.061	0.000
658.0	2.0	60.000	0.999	0.198	5	NaN	NaN	NaN	NaN	000	-18.183	-6.061	0.000
658.0	2.0	64.000	1.296	0.192	5	NaN	NaN	NaN	NaN	000	-18.183	-6.061	0.000
658.0	2.0	68.000	1.853	0.483	5	NaN	NaN	NaN	NaN	000	-18.183	-6.061	0.000
658.0	2.0	52.000	0.785	0.195	5	NaN	NaN	NaN	NaN	000	-6.061	-6.061	0.000
658.0	2.0	56.000	0.859	0.191	5	NaN	NaN	NaN	NaN	000	-6.061	-6.061	0.000
658.0	2.0	60.000	0.995	0.192	5	NaN	NaN	NaN	NaN	000	-6.061	-6.061	0.000
658.0	2.0	64.000	1.257	0.189	5	NaN	NaN	NaN	NaN	000	-6.061	-6.061	0.000
658.0	2.0	68.000	1.821	0.499	5	NaN	NaN	NaN	NaN	000	-6.061	-6.061	0.000
658.0	2.0	52.000	0.798	0.191	5	NaN	NaN	NaN	NaN	000	6.061	-6.061	0.000
658.0	2.0	56.000	0.868	0.189	5	NaN	NaN	NaN	NaN	000	6.061	-6.061	0.000
658.0	2.0	60.000	0.971	0.192	5	NaN	NaN	NaN	NaN	000	6.061	-6.061	0.000
658.0	2.0	64.000	1.262	0.193	5	NaN	NaN	NaN	NaN	000	6.061	-6.061	0.000
658.0	2.0	68.000	1.825	0.592	5	NaN	NaN	NaN	NaN	000	6.061	-6.061	0.000
658.0	2.0	52.000	0.788	0.199	5	NaN	NaN	NaN	NaN	000	18.183	-6.061	0.000
658.0	2.0	56.000	0.872	0.194	5	NaN	NaN	NaN	NaN	000	18.183	-6.061	0.000
658.0	2.0	60.000	0.977	0.197	5	NaN	NaN	NaN	NaN	000	18.183	-6.061	0.000
658.0	2.0	64.000	1.266	0.200	5	NaN	NaN	NaN	NaN	000	18.183	-6.061	0.000
658.0	2.0	68.000	1.815	0.493	5	NaN	NaN	NaN	NaN	000	18.183	-6.061	0.000
658.0	2.0	52.000	0.810	0.195	5	NaN	NaN	NaN	NaN	000	30.305	-6.061	0.000
658.0	2.0	56.000	0.880	0.195	5	NaN	NaN	NaN	NaN	000	30.305	-6.061	0.000
658.0	2.0	60.000	0.992	0.195	5	NaN	NaN	NaN	NaN	000	30.305	-6.061	0.000
658.0	2.0	64.000	1.285	0.191	5	NaN	NaN	NaN	NaN	000	30.305	-6.061	0.000
658.0	2.0	68.000	1.830	0.598	5	NaN	NaN	NaN	NaN	000	30.305	-6.061	0.000
658.0	2.0	52.000	0.793	0.184	5	NaN	NaN	NaN	NaN	000	-30.305	6.061	0.000
658.0	2.0	56.000	0.871	0.190	5	NaN	NaN	NaN	NaN	000	-30.305	6.061	0.000
658.0	2.0	60.000	0.968	0.196	5	NaN	NaN	NaN	NaN	000	-30.305	6.061	0.000
658.0	2.0	64.000	1.238	0.183	5	NaN	NaN	NaN	NaN	000	-30.305	6.061	0.000
658.0	2.0	68.000	1.774	0.528	5	NaN	NaN	NaN	NaN	000	-30.305	6.061	0.000
658.0	2.0	52.000	0.791	0.191	5	NaN	NaN	NaN	NaN	000	-18.183	6.061	0.000
658.0	2.0	56.000	0.863	0.192	5	NaN	NaN	NaN	NaN	000	-18.183	6.061	0.000
658.0	2.0	60.000	0.969	0.193	5	NaN	NaN	NaN	NaN	000	-18.183	6.061	0.000
658.0	2.0	64.000	1.227	0.184	5	NaN	NaN	NaN	NaN	000	-18.183	6.061	0.000
658.0	2.0	68.000	1.764	0.488	5	NaN	NaN	NaN	NaN	000	-18.183	6.061	0.000
658.0	2.0	52.000	0.804	0.196	5	NaN	NaN	NaN	NaN	000	-6.061	6.061	0.000
658.0	2.0	56.000	0.905	0.197	5	NaN	NaN	NaN	NaN	000	-6.061	6.061	0.000
658.0	2.0	60.000	0.993	0.190	5	NaN	NaN	NaN	NaN	000	-6.061	6.061	0.000
658.0	2.0	64.000	1.243	0.189	5	NaN	NaN	NaN	NaN	000	-6.061	6.061	0.000
658.0	2.0	68.000	1.816	0.573	5	NaN	NaN	NaN	NaN	000	-6.061	6.061	0.000
658.0	2.0	52.000	0.806	0.196	5	NaN	NaN	NaN	NaN	000	6.061	6.061	0.000
658.0	2.0	56.000	0.881	0.198	5	NaN	NaN	NaN	NaN	000	6.061	6.061	0.000
658.0	2.0	60.000	0.990	0.196	5	NaN	NaN	NaN	NaN	000	6.061	6.061	0.000
658.0	2.0	64.000	1.256	0.192	5	NaN	NaN	NaN	NaN	000	6.061	6.061	0.000
658.0	2.0	68.000	1.793	0.492	5	NaN	NaN	NaN	NaN	000	6.061	6.061	0.000
658.0	2.0	52.000	0.824	0.202	5	NaN	NaN	NaN	NaN	000	18.183	6.061	0.000
658.0	2.0	56.000	0.908	0.197	5	NaN	NaN	NaN	NaN	000	18.183	6.061	0.000
658.0	2.0	60.000	1.011	0.194	5	NaN	NaN	NaN	NaN	000	18.183	6.061	0.000
658.0	2.0	64.000	1.246	0.192	5	NaN	NaN	NaN	NaN	000	18.183	6.061	0.000
658.0	2.0	68.000	1.807	0.489	5	NaN	NaN	NaN	NaN	000	18.183	6.061	0.000
658.0	2.0	52.000	0.848	0.191	5	NaN	NaN	NaN	NaN	000	30.305	6.061	0.000
658.0	2.0	56.000	0.888	0.195	5	NaN	NaN	NaN	NaN	000	30.305	6.061	0.000
658.0	2.0	60.000	1.010	0.195	5	NaN	NaN	NaN	NaN	000	30.305	6.061	0.000
658.0	2.0	64.000	1.287	0.196	5	NaN	NaN	NaN	NaN	000	30.305	6.061	0.000
658.0	2.0	68.000	1.833	0.527	5	NaN	NaN	NaN	NaN	000	30.305	6.061	0.000
658.0	2.0	52.000	0.826	0.190	5	NaN	NaN	NaN	NaN	000	-30.305	18.183	0.000
658.0	2.0	56.000	0.896	0.195	5	NaN	NaN	NaN	NaN	000	-30.305	18.183	0.000
658.0	2.0	60.000	0.996	0.186	5	NaN	NaN	NaN	NaN	000	-30.305	18.183	0.000
658.0	2.0	64.000	1.243	0.185	5	NaN	NaN	NaN	NaN	000	-30.305	18.183	0.000
658.0	2.0	68.000	1.772	0.572	5	NaN	NaN	NaN	NaN	000	-30.305	18.183	0.000
658.0	2.0	52.000	0.809	0.194	5	NaN	NaN	NaN	NaN	000	-18.183	18.183	0.000
658.0	2.0	56.000	0.884	0.191	5	NaN	NaN	NaN	NaN	000	-18.183	18.183	0.000
658.0	2.0	60.000	0.998	0.197	5	NaN	NaN	NaN	NaN	000	-18.183	18.183	0.000
658.0	2.0	64.000	1.264	0.192	5	NaN	NaN	NaN	NaN	000	-18.183	18.183	0.000
658.0	2.0	68.000	1.781	0.513	5	NaN	NaN	NaN	NaN	000	-18.183	18.183	0.000
658.0	2.0	52.000	0.813	0.185	5	NaN	NaN	NaN	NaN	000	-6.061	18.183	0.000
658.0	2.0	56.000	0.879	0.202	5	NaN	NaN	NaN	NaN	000	-6.061	18.183	0.000
658.0	2.0	60.000	0.995	0.196	5	NaN	NaN	NaN	NaN	000	-6.061	18.183	0.000
658.0	2.0	64.000	1.244	0.187	5	NaN	NaN	NaN	NaN	000	-6.061	18.183	0.000
658.0	2.0	68.000	1.804	0.592	5	NaN	NaN	NaN	NaN	000	-6.061	18.183	0.000
658.0	2.0	52.000	0.809	0.192	5	NaN	NaN	NaN	NaN	000	6.061	18.183	0.000
658.0	2.0	56.000	0.880	0.197	5	NaN	NaN	NaN	NaN	000	6.061	18.183	0.000
658.0	2.0	60.000	0.991	0.201	5	NaN	NaN	NaN	NaN	000	6.061	18.183	0.000
658.0	2.0	64.000	1.243	0.201	5	NaN	NaN	NaN	NaN	000	6.061	18.183	0.000
658.0	2.0	68.000	1.793	0.463	5	NaN	NaN	NaN	NaN	000	6.061	18.183	0.000
658.0	2.0	52.000	0.815	0.189	5	NaN	NaN	NaN	NaN	000	18.183	18.183	0.000
658.0	2.0	56.000	0.898	0.199	5	NaN	NaN	NaN	NaN	000	18.183	18.183	0.000
658.0	2.0	60.000	0.987	0.193	5	NaN	NaN	NaN	NaN	000	18.183	18.183	0.000
658.0	2.0	64.000	1.238	0.183	5	NaN	NaN	NaN	NaN	000	18.183	18.183	0.000
658.0	2.0	68.000	1.784	0.540	5	NaN	NaN	NaN	NaN	000	18.183	18.183	0.000
658.0	2.0	52.000	0.812	0.197	5	NaN	NaN	NaN	NaN	000	30.305	18.183	0.000
658.0	2.0	56.000	0.875	0.200	5	NaN	NaN	NaN	NaN	000	30.305	18.183	0.000
658.0	2.0	60.000	0.984	0.198	5	NaN	NaN	NaN	NaN	000	30.305	18.183	0.000
658.0	2.0	64.000	1.233	0.187	5	NaN	NaN	NaN	NaN	000	30.305	18.183	0.000
658.0	2.0	68.000	1.759	0.499	5	NaN	NaN	NaN	NaN	000	30.305	18.183	0.000
658.0	2.0	52.000	0.803	0.181	5	NaN	NaN	NaN	NaN	000	-18.183	30.305	0.000
658.0	2.0	56.000	0.880	0.184	5	NaN	NaN	NaN	NaN	000	-18.183	30.305	0.000
658.0	2.0	60.000	1.000	0.187	5	NaN	NaN	NaN	NaN	000	-18.183	30.305	0.000
658.0	2.0	64.000	1.227	0.189	5	NaN	NaN	NaN	NaN	000	-18.183	30.305	0.000
658.0	2.0	68.000	1.775	0.613	5	NaN	NaN	NaN	NaN	000	-18.183	30.305	0.000
658.0	2.0	52.000	0.808	0.196	5	NaN	NaN	NaN	NaN	000	-6.061	30.305	0.000
658.0	2.0	56.000	0.892	0.193	5	NaN	NaN	NaN	NaN	000	-6.061	30.305	0.000
658.0	2.0	60.000	0.995	0.195	5	NaN	NaN	NaN	NaN	000	-6.061	30.305	0.000
658.0	2.0	64.000	1.231	0.189	5	NaN	NaN	NaN	NaN	000	-6.061	30.305	0.000
658.0	2.0	68.000	1.748	0.520	5	NaN	NaN	NaN	NaN	000	-6.061	30.305	0.000
658.0	2.0	52.000	10.867	0.207	5	NaN	NaN	NaN	NaN	000	6.061	30.305	0.000
658.0	2.0	56.000	0.891	0.200	5	NaN	NaN	NaN	NaN	000	6.061	30.305	0.000
658.0	2.0	60.000	0.999	0.201	5	NaN	NaN	NaN	NaN	000	6.061	30.305	0.000
658.0	2.0	64.000	1.214	0.191	5	NaN	NaN	NaN	NaN	000	6.061	30.305	0.000
658.0	2.0	68.000	1.731	0.579	5	NaN	NaN	NaN	NaN	000	6.061	30.305	0.000
658.0	2.0	52.000	0.812	0.185	5	NaN	NaN	NaN	NaN	000	18.183	30.305	0.000
658.0	2.0	56.000	0.897	0.188	5	NaN	NaN	NaN	NaN	000	18.183	30.305	0.000
658.0	2.0	60.000	1.021	0.193	5	NaN	NaN	NaN	NaN	000	18.183	30.305	0.000
658.0	2.0	64.000	1.244	0.181	5	NaN	NaN	NaN	NaN	000	18.183	30.305	0.000
658.0	2.0	68.000	1.758	0.481	5	NaN	NaN	NaN	NaN	000	18.183	30.305	0.000
